1591382637 0 0 0 0 0 0 1 0 0 0 0 0 0 0 0 0 0 0 0 0
1591724419 1 0 0 0 0 0 1 0 0 0 0 0 0 0 0 0 0 0 0 0
1591725888 2 0 0 0 0 0 1 0 0 0 0 0 0 0 0 0 0 0 0 0
1591813886 2 0 0 0 0 0 1 0 0 1 0 0 0 0 0 0 0 0 0 0
1591813973 2 0 0 0 0 0 1 0 0 2 0 0 0 0 0 0 0 0 0 0
1591815173 2 0 0 1 0 0 1 0 0 2 0 0 0 0 0 0 0 0 0 0
1591816253 2 0 0 2 0 0 1 0 0 2 0 0 0 0 0 0 0 0 0 0
1591817144 3 0 0 2 0 0 1 0 0 2 0 0 0 0 0 0 0 0 0 0
1591817339 4 0 0 2 0 0 1 0 0 2 0 0 0 0 0 0 0 0 0 0
1591818055 4 0 0 3 0 0 1 0 0 2 0 0 0 0 0 0 0 0 0 0
1591819622 4 0 0 4 0 0 1 0 0 2 0 0 0 0 0 0 0 0 0 0
1591820349 4 0 0 5 0 0 1 0 0 2 0 0 0 0 0 0 0 0 0 0
1591820562 4 0 0 6 0 0 1 0 0 2 0 0 0 0 0 0 0 0 0 0
1592182619 4 0 0 6 0 0 1 0 0 3 0 0 0 0 0 0 0 0 0 0
1592248864 4 0 0 6 0 0 1 0 0 4 0 0 0 0 0 0 0 0 0 0
1592340474 5 0 0 6 0 0 1 0 0 4 0 0 0 0 0 0 0 0 0 0
1592352515 5 0 0 7 0 0 1 0 0 4 0 0 0 0 0 0 0 0 0 0
1592354785 5 0 0 8 0 0 1 0 0 4 0 0 0 0 0 0 0 0 0 0
1592762223 5 0 0 9 0 0 1 0 0 4 0 0 0 0 0 0 0 0 0 0
1592762555 5 0 0 10 0 0 1 0 0 4 0 0 0 0 0 0 0 0 0 0
1592766039 5 0 0 11 0 0 1 0 0 4 0 0 0 0 0 0 0 0 0 0
1592938264 5 0 0 11 0 0 1 0 0 4 0 0 0 0 0 0 0 0 0 0
1592976043 6 0 0 11 0 0 1 0 0 4 0 0 0 0 0 0 0 0 0 0
1592976869 7 0 0 11 0 0 1 0 0 4 0 0 0 0 0 0 0 0 0 0
1592977460 8 0 0 11 0 0 1 0 0 4 0 0 0 0 0 0 0 0 0 0
1592978765 9 0 0 11 0 0 1 0 0 4 0 0 0 0 0 0 0 0 0 0
1592979405 10 0 0 11 0 0 1 0 0 4 0 0 0 0 0 0 0 0 0 0
1593032036 11 0 0 11 0 0 1 0 0 4 0 0 0 0 0 0 0 0 0 0
1593121921 11 0 0 11 0 0 1 0 0 5 0 0 0 0 0 0 0 0 0 0
1593123563 11 0 0 12 0 0 1 0 0 5 0 0 0 0 0 0 0 0 0 0
1593128543 12 0 0 12 0 0 1 0 0 5 0 0 0 0 0 0 0 0 0 0
1593128958 13 0 0 12 0 0 1 0 0 5 0 0 0 0 0 0 0 0 0 0
1593130584 14 0 0 12 0 0 1 0 0 5 0 0 0 0 0 0 0 0 0 0
1593199647 15 0 0 12 0 0 1 0 0 5 0 0 0 0 0 0 0 0 0 0
1593303781 16 0 0 12 0 0 1 0 0 5 0 0 0 0 0 0 0 0 0 0
1593364386 17 0 0 12 0 0 1 0 0 5 0 0 0 0 0 0 0 0 0 0
1593371372 17 0 0 12 0 0 1 0 0 6 0 0 0 0 0 0 0 0 0 0
1593371994 17 0 0 13 0 0 1 0 0 6 0 0 0 0 0 0 0 0 0 0
1593386961 17 0 0 13 0 0 1 0 0 7 0 0 0 0 0 0 0 0 0 0
1593487626 18 0 0 13 0 0 1 0 0 7 0 0 0 0 0 0 0 0 0 0
1594164291 19 0 0 13 0 0 1 0 0 7 0 0 0 0 0 0 0 0 0 0
1594164750 20 0 0 13 0 0 1 0 0 7 0 0 0 0 0 0 0 0 0 0
1594236595 21 0 0 13 0 0 1 0 0 7 0 0 0 0 0 0 0 0 0 0
1594333250 22 0 0 13 0 0 1 0 0 7 0 0 0 0 0 0 0 0 0 0
1594403364 23 0 0 13 0 0 1 0 0 7 0 0 0 0 0 0 0 0 0 0
1594403796 23 0 0 13 0 0 2 0 0 7 0 0 0 0 0 0 0 0 0 0
1594405683 24 0 0 13 0 0 2 0 0 7 0 0 0 0 0 0 0 0 0 0
1594406476 24 0 0 14 0 0 2 0 0 7 0 0 0 0 0 0 0 0 0 0
1594407714 24 0 0 15 0 0 2 0 0 7 0 0 0 0 0 0 0 0 0 0
1594576273 25 0 0 15 0 0 2 0 0 7 0 0 0 0 0 0 0 0 0 0
1594577940 26 0 0 15 0 0 2 0 0 7 0 0 0 0 0 0 0 0 0 0
1595282148 26 0 0 16 0 0 2 0 0 7 0 0 0 0 0 0 0 0 0 0
1595290055 27 0 0 16 0 0 2 0 0 7 0 0 0 0 0 0 0 0 0 0
1595299768 27 0 0 16 0 0 2 0 0 7 0 0 0 0 1 0 0 0 0 0
1595389155 27 0 0 16 0 0 2 0 0 7 0 0 0 0 2 0 0 0 0 0
1595532964 28 0 0 16 0 0 2 0 0 7 0 0 0 0 2 0 0 0 0 0
1595627169 28 0 0 17 0 0 2 0 0 7 0 0 0 0 2 0 0 0 0 0
1595628329 28 0 0 18 0 0 2 0 0 7 0 0 0 0 2 0 0 0 0 0
1595650927 29 0 0 18 0 0 2 0 0 7 0 0 0 0 2 0 0 0 0 0
1596226386 30 0 0 18 0 0 2 0 0 7 0 0 0 0 2 0 0 0 0 0
1596226460 31 0 0 18 0 0 2 0 0 7 0 0 0 0 2 0 0 0 0 0
1596501258 31 0 0 18 0 0 2 0 0 8 0 0 0 0 2 0 0 0 0 0
1596502165 32 0 0 18 0 0 2 0 0 8 0 0 0 0 2 0 0 0 0 0
1596502178 33 0 0 18 0 0 2 0 0 8 0 0 0 0 2 0 0 0 0 0
1596508747 33 0 0 18 0 0 2 0 0 8 0 0 0 0 3 0 0 0 0 0
1596509772 33 0 0 18 0 0 2 0 0 8 0 0 0 0 4 0 0 0 0 0
1596511005 34 0 0 18 0 0 2 0 0 8 0 0 0 0 4 0 0 0 0 0
1596744591 34 0 0 18 0 0 2 0 0 9 0 0 0 0 4 0 0 0 0 0
1596747677 34 0 0 18 0 0 2 0 0 10 0 0 0 0 4 0 0 0 0 0
1596752283 34 0 0 18 0 0 2 0 0 11 0 0 0 0 4 0 0 0 0 0
1596765666 34 0 0 18 0 0 2 0 0 12 0 0 0 0 4 0 0 0 0 0
1596766055 34 0 0 18 0 0 2 0 0 13 0 0 0 0 4 0 0 0 0 0
1596766423 34 0 0 18 0 0 2 0 0 14 0 0 0 0 4 0 0 0 0 0
1596766594 34 0 0 18 0 0 3 0 0 14 0 0 0 0 4 0 0 0 0 0
1596813683 34 0 0 19 0 0 3 0 0 14 0 0 0 0 4 0 0 0 0 0
1596823409 35 0 0 19 0 0 3 0 0 14 0 0 0 0 4 0 0 0 0 0
1596823418 36 0 0 19 0 0 3 0 0 14 0 0 0 0 4 0 0 0 0 0
1596862674 37 0 0 19 0 0 3 0 0 14 0 0 0 0 4 0 0 0 0 0
1597114735 37 0 0 19 0 0 3 0 0 14 0 0 0 0 5 0 0 0 0 0
1597197091 37 0 0 19 0 0 3 0 0 15 0 0 0 0 5 0 0 0 0 0
1597197467 37 0 0 19 0 0 3 0 0 16 0 0 0 0 5 0 0 0 0 0
1597456941 38 0 0 19 0 0 3 0 0 16 0 0 0 0 5 0 0 0 0 0
1597713705 38 0 0 19 0 0 3 0 0 16 0 0 0 0 6 0 0 0 0 0
1597948308 39 0 0 19 0 0 3 0 0 16 0 0 0 0 6 0 0 0 0 0
1597953562 39 0 0 19 0 0 3 0 0 16 0 0 0 0 6 0 0 0 0 0
1597984536 39 0 0 19 0 0 3 0 0 16 0 0 0 0 7 0 0 0 0 0
1597990304 39 0 0 19 0 0 3 0 0 16 0 0 0 0 8 0 0 0 0 0
1597990909 39 0 0 19 0 0 3 0 0 16 0 0 0 0 9 0 0 0 0 0
1600890162 39 0 0 19 0 0 3 0 0 17 0 0 0 0 9 0 0 0 0 0
1600890434 39 0 0 19 0 0 4 0 0 17 0 0 0 0 9 0 0 0 0 0
1600891106 39 0 0 19 0 0 4 0 0 18 0 0 0 0 9 0 0 0 0 0
1600891266 39 0 0 19 0 0 5 0 0 18 0 0 0 0 9 0 0 0 0 0
1600891282 39 0 0 19 0 0 6 0 0 18 0 0 0 0 9 0 0 0 0 0
1600891336 39 0 0 19 0 0 7 0 0 18 0 0 0 0 9 0 0 0 0 0
1600892378 39 0 0 19 0 0 8 0 0 18 0 0 0 0 9 0 0 0 0 0
1600892401 39 0 0 19 0 0 9 0 0 18 0 0 0 0 9 0 0 0 0 0
1600919065 39 0 0 19 0 0 9 0 0 19 0 0 0 0 9 0 0 0 0 0
1600921631 39 0 0 19 0 0 9 0 0 20 0 0 0 0 9 0 0 0 0 0
1600923643 39 0 0 19 1 0 9 0 0 20 0 0 0 0 9 0 0 0 0 0
1600923786 39 0 0 19 2 0 9 0 0 20 0 0 0 0 9 0 0 0 0 0
1601323302 39 0 0 19 2 0 10 0 0 20 0 0 0 0 9 0 0 0 0 0
1601349187 39 0 0 19 2 0 10 0 0 20 0 1 0 0 9 0 0 0 0 0
1601512821 39 0 0 19 2 0 10 0 0 20 0 1 0 1 9 0 0 0 0 0
1602008921 39 0 0 19 2 0 10 0 0 21 0 1 0 1 9 0 0 0 0 0
1602267562 39 0 0 19 2 0 10 0 1 21 0 1 0 1 9 0 0 0 0 0
1602269366 39 0 0 19 2 0 10 0 2 21 0 1 0 1 9 0 0 0 0 0
1602443603 39 0 0 19 2 0 11 0 2 21 0 1 0 1 9 0 0 0 0 0
1602443760 39 0 0 19 2 0 12 0 2 21 0 1 0 1 9 0 0 0 0 0
1602447361 39 0 0 19 2 0 13 0 2 21 0 1 0 1 9 0 0 0 0 0
1602452483 39 0 0 19 2 0 14 0 4 21 0 1 0 1 9 0 0 0 0 0
1602511054 39 0 0 19 2 0 14 0 5 21 0 1 0 1 9 0 0 0 0 0
1602539592 39 0 0 19 2 0 15 0 5 21 0 1 0 1 9 0 0 0 0 0
1602726204 39 0 0 19 3 0 15 0 5 21 0 1 0 1 9 0 0 0 0 0
1602733661 39 0 0 19 3 0 15 0 5 21 0 1 0 2 9 0 0 0 0 0
1602733714 39 0 0 19 4 0 15 0 5 21 0 1 0 2 9 0 0 0 0 0
1602734102 39 0 0 19 5 0 15 0 5 21 0 1 0 2 9 0 0 0 0 0
1602870835 39 0 0 19 5 0 16 0 5 21 0 1 0 2 9 0 0 0 0 0
1602883706 39 0 0 19 5 0 16 0 6 21 0 1 0 2 9 0 0 0 0 0
1603127295 39 0 0 19 5 0 16 0 7 21 0 1 0 2 9 0 0 0 0 0
1603127916 39 0 0 19 5 0 16 0 8 21 0 1 0 2 9 0 0 0 0 0
1603131363 39 0 1 19 5 0 16 0 8 21 0 1 0 2 9 0 0 0 0 0
1603210974 39 0 1 19 5 0 16 0 9 21 0 1 0 2 9 0 0 0 0 0
1603211157 39 0 1 19 5 0 16 0 10 21 0 1 0 2 9 0 0 0 0 0
1603211441 39 0 1 19 5 0 16 0 11 21 0 1 0 2 9 0 0 0 0 0
1603258564 40 0 1 19 5 0 16 0 11 21 0 1 0 2 9 0 0 0 0 0
1603328696 40 0 1 19 5 0 16 0 11 21 0 1 0 3 9 0 0 0 0 0
1603333066 40 0 1 19 5 0 16 0 11 21 0 1 0 4 9 0 0 0 0 0
1603335360 40 0 1 19 6 0 16 0 11 21 0 1 0 4 9 0 0 0 0 0
1603335735 40 0 1 19 7 0 16 0 11 21 0 1 0 4 9 0 0 0 0 0
1603396127 41 0 1 19 7 0 16 0 11 21 0 1 0 4 9 0 0 0 0 0
1603427975 42 0 1 19 7 0 16 0 11 21 0 1 0 4 9 0 0 0 0 0
1603459347 42 0 1 19 7 0 16 0 12 21 0 1 0 4 9 0 0 0 0 0
1603477664 43 0 1 19 7 0 16 0 12 21 0 1 0 4 9 0 0 0 0 0
1603478486 43 0 2 19 7 0 16 0 12 21 0 1 0 4 9 0 0 0 0 0
1603478781 44 0 2 19 7 0 16 0 14 21 0 1 0 4 9 0 0 0 0 0
1603480360 44 0 2 19 7 0 16 0 15 21 0 1 0 4 9 0 0 0 0 0
1603506447 44 0 2 19 8 0 16 0 15 21 0 1 0 4 9 0 0 0 0 0
1603506453 44 0 2 19 9 0 16 0 15 21 0 1 0 4 9 0 0 0 0 0
1603643595 44 0 2 19 9 0 17 0 15 21 0 1 0 4 9 0 0 0 0 0
1603747837 45 0 2 19 9 0 17 0 15 21 0 1 0 4 9 0 0 0 0 0
1603776798 46 0 2 19 9 0 17 0 15 21 0 1 0 4 9 0 0 0 0 0
1603913324 46 0 2 20 9 0 17 0 15 21 0 1 0 4 9 0 0 0 0 0
1603915302 46 0 2 21 9 0 17 0 15 21 0 1 0 4 9 0 0 0 0 0
1603916361 46 0 2 22 9 0 17 0 15 21 0 1 0 4 9 0 0 0 0 0
1603919000 46 0 2 23 9 0 17 0 15 21 0 1 0 4 9 0 0 0 0 0
1603924343 47 0 2 23 9 0 17 0 15 21 0 1 0 4 9 0 0 0 0 0
1604019129 47 0 2 23 10 0 17 0 15 21 0 1 0 4 9 0 0 0 0 0
1604023021 47 0 3 23 10 0 17 0 15 21 0 1 0 4 9 0 0 0 0 0
1604023058 47 0 4 23 10 0 17 0 15 21 0 1 0 4 9 0 0 0 0 0
1604248076 47 0 4 23 10 0 17 0 15 21 0 1 0 4 9 0 0 0 0 0
1604278086 47 0 4 24 10 0 17 0 15 21 0 1 0 4 9 0 0 0 0 0
1604283797 47 0 4 25 10 0 17 0 15 21 0 1 0 4 9 0 0 0 0 0
1604292214 47 0 4 25 10 0 17 0 15 21 0 1 0 5 9 0 0 0 0 0
1604338896 47 0 4 26 10 0 17 0 15 21 0 1 0 5 9 0 0 0 0 0
1604424392 47 0 5 26 10 0 17 0 15 21 0 1 0 5 9 0 0 0 0 0
1604424457 47 0 6 26 10 0 17 0 15 21 0 1 0 5 9 0 0 0 0 0
1604428635 47 0 6 27 10 0 17 0 15 21 0 1 0 5 9 0 0 0 0 0
1604676021 47 0 6 27 10 0 17 0 15 21 0 1 0 6 9 0 0 0 0 0
1604676622 47 0 6 27 10 0 17 0 15 21 0 1 0 7 9 0 0 0 0 0
1604688033 48 0 6 27 10 0 17 0 15 21 0 1 0 7 9 0 0 0 0 0
1604688270 49 0 6 27 10 0 17 0 15 21 0 1 0 7 9 0 0 0 0 0
1604695678 50 0 6 27 10 0 17 0 15 21 0 1 0 7 9 0 0 0 0 0
1605137435 50 0 6 28 10 0 17 0 15 21 0 1 0 7 9 0 0 0 0 0
1605139783 50 0 6 29 10 0 17 0 15 21 0 1 0 7 9 0 0 0 0 0
1605207789 51 0 6 29 10 0 17 0 15 21 0 1 0 7 9 0 0 0 0 0
1605292311 51 0 7 29 10 0 17 0 15 21 0 1 0 7 9 0 0 0 0 0
1605294172 51 0 8 29 10 0 17 0 15 21 0 1 0 7 9 0 0 0 0 0
1605296922 51 0 8 29 10 0 17 0 15 21 0 1 0 7 9 0 1 0 0 0
1605302406 51 0 9 29 10 0 17 0 15 21 0 1 0 7 9 0 1 0 0 0
1605303375 51 0 9 29 10 0 17 0 15 21 0 1 0 7 9 0 2 0 0 0
1605310014 51 0 9 30 10 0 17 0 15 21 0 1 0 7 9 0 2 0 0 0
1605310607 51 0 9 31 10 0 17 0 15 21 0 1 0 7 9 0 2 0 0 0
1605310692 51 0 9 32 10 0 17 0 15 21 0 1 0 7 9 0 2 0 0 0
1605452924 51 0 9 32 10 0 17 0 16 21 0 1 0 7 9 0 2 0 0 0
1605507828 52 0 9 32 10 0 17 0 16 21 0 1 0 7 9 0 2 0 0 0
1605635997 53 0 9 32 10 0 17 0 16 21 0 1 0 7 9 0 2 0 0 0
1605647638 53 0 9 33 10 0 17 0 16 21 0 1 0 7 9 0 2 0 0 0
1605647884 53 0 9 34 10 0 17 0 16 21 0 1 0 7 9 0 2 0 0 0
1605675884 53 0 9 35 10 0 17 0 16 21 0 1 0 7 9 0 2 0 0 0
1605763067 53 0 9 35 10 0 17 0 16 21 0 1 0 8 9 0 2 0 0 0
1605983253 53 0 9 35 10 0 17 0 17 21 0 1 0 8 9 0 2 0 0 0
1605985527 53 0 9 35 10 0 17 0 18 21 0 1 0 8 9 0 2 0 0 0
1605985798 53 0 9 35 10 0 17 0 18 21 0 1 0 8 9 0 3 0 0 0
1606005795 53 0 9 35 11 0 17 0 18 21 0 1 0 8 9 0 3 0 0 0
1606081582 53 0 10 35 11 0 17 0 18 21 0 1 0 8 9 0 3 0 0 0
1606099755 53 0 11 35 11 0 17 0 18 21 0 1 0 8 9 0 3 0 0 0
1606104128 53 0 12 35 11 0 17 0 18 21 0 1 0 8 9 0 3 0 0 0
1606165112 53 0 12 36 11 0 17 0 18 21 0 1 0 8 9 0 3 0 0 0
1606241615 53 0 12 36 11 0 17 0 18 21 0 1 0 9 9 0 3 0 0 0
1606242731 54 0 12 36 11 0 17 0 18 21 0 1 0 9 9 0 3 0 0 0
1606242947 55 0 12 36 11 0 17 0 18 21 0 1 0 9 9 0 3 0 0 0
1606243498 56 0 12 36 11 0 17 0 18 21 0 1 0 9 9 0 3 0 0 0
1606604672 57 0 12 36 11 0 17 0 18 21 0 1 0 9 9 0 3 0 0 0
1606633976 58 0 12 36 11 0 17 0 18 21 0 1 0 9 9 0 3 0 0 0
1606713386 59 0 12 36 11 0 17 0 18 21 0 1 0 9 9 0 3 0 0 0
1606715973 60 0 12 36 11 0 17 0 18 21 0 1 0 9 9 0 3 0 0 0
1606774133 61 0 12 36 11 0 17 0 18 21 0 1 0 9 9 0 3 0 0 0
1606872682 61 0 12 36 11 0 17 0 18 21 0 1 0 10 9 0 3 0 0 0
1606933232 62 0 12 36 11 0 17 0 18 21 0 1 0 10 9 0 3 0 0 0
1606941488 62 0 12 36 11 0 17 0 18 21 0 1 0 10 9 0 4 0 0 0
1606943340 62 0 12 36 11 0 17 0 18 21 0 1 0 10 9 0 5 0 0 0
1607015223 63 0 12 36 11 0 17 0 18 21 0 1 0 10 9 0 5 0 0 0
1607022117 63 0 12 36 11 0 17 0 19 21 0 1 0 10 9 0 5 0 0 0
1607038738 63 0 12 36 11 0 17 0 20 21 0 1 0 10 9 0 5 0 0 0
1607038895 63 0 12 36 11 0 17 0 21 21 0 1 0 10 9 0 5 0 0 0
1607039282 63 0 12 36 11 0 17 0 22 21 0 1 0 10 9 0 5 0 0 0
1607041873 63 0 12 36 11 0 18 0 22 21 0 1 0 10 9 0 5 0 0 0
1607120007 63 0 12 36 11 0 18 0 22 21 0 1 0 10 9 0 6 0 0 0
1607198909 63 0 12 36 11 0 18 0 22 21 0 1 0 11 9 0 6 0 0 0
1607300235 63 0 12 36 12 0 18 0 22 21 0 1 0 11 9 0 6 0 0 0
1607447229 64 0 12 36 12 0 18 0 22 21 0 1 0 11 9 0 6 0 0 0
1607620286 65 0 12 36 12 0 18 0 22 21 0 1 0 11 9 0 6 0 0 0
1607620726 66 0 12 36 12 0 18 0 22 21 0 1 0 11 9 0 6 0 0 0
1607620779 67 0 12 36 12 0 18 0 22 21 0 1 0 11 9 0 6 0 0 0
1613837250 67 0 12 36 12 0 18 0 23 21 0 1 0 11 9 0 6 0 0 0
1613958197 67 0 12 36 13 0 18 0 23 21 0 1 0 11 9 0 6 0 0 0
1614038113 67 0 12 36 13 0 19 0 23 21 0 1 0 11 9 0 6 0 0 0
1614119329 67 0 12 36 13 0 20 0 23 21 0 1 0 11 9 0 6 0 0 0
1614119389 67 0 12 36 13 0 21 0 23 21 0 1 0 11 9 0 6 0 0 0
1614119403 67 0 12 36 13 0 22 0 23 21 0 1 0 11 9 0 6 0 0 0
1614119434 67 0 12 36 13 0 23 0 23 21 0 1 0 11 9 0 6 0 0 0
1614216612 67 0 12 36 13 0 23 0 23 21 1 1 0 11 9 0 6 0 0 0
1614223096 67 0 12 36 14 0 23 0 23 21 1 1 0 11 9 0 6 0 0 0
1614223143 67 0 12 36 15 0 23 0 23 21 1 1 0 11 9 0 6 0 0 0
1614228495 67 1 12 36 15 0 23 0 23 21 1 1 0 11 9 0 6 0 0 0
1614360986 67 1 13 36 15 0 23 0 23 21 1 1 0 11 9 0 6 0 0 0
1614362331 67 1 14 36 15 0 23 0 23 21 1 1 0 11 9 0 6 0 0 0
1614362352 67 1 15 36 15 0 23 0 23 21 1 1 0 11 9 0 6 0 0 0
1614363009 67 1 16 36 15 0 23 0 24 21 1 1 0 11 9 0 6 0 0 0
1614460499 67 1 16 36 15 0 23 0 24 21 1 1 0 11 9 0 6 0 0 1
1614462318 67 1 16 36 15 0 23 0 24 21 1 1 0 11 9 0 6 0 0 2
1615136949 67 1 16 36 15 1 23 0 24 21 1 1 0 11 9 0 6 0 0 2
1615397913 67 1 17 36 15 1 23 0 24 21 1 1 0 11 9 0 6 0 0 2
1615765238 67 1 17 36 16 1 23 0 24 21 1 1 0 11 9 0 6 0 0 2
1615814691 67 1 17 36 16 2 23 0 24 21 1 1 0 11 9 0 6 0 0 2
1615815247 67 1 17 36 16 3 23 0 24 21 1 1 0 11 9 0 6 0 0 2
1615819842 67 1 17 36 16 4 23 0 24 21 1 1 0 11 9 0 6 0 0 2
1615820410 67 1 18 36 16 4 23 0 24 21 1 1 0 11 9 0 6 0 0 2
1615838087 67 1 19 36 16 4 23 0 24 21 1 1 0 11 9 0 6 0 0 2
1615932653 67 1 19 36 16 5 23 0 24 21 1 1 0 11 9 0 6 0 0 2
1615932656 67 1 19 36 16 6 23 0 24 21 1 1 0 11 9 0 6 0 0 2
1615986982 67 1 19 36 16 7 23 0 24 21 1 1 0 11 9 0 6 0 0 2
1616099480 67 2 19 36 16 7 23 0 24 21 1 1 0 11 9 0 6 0 0 2
1616100481 67 3 19 36 16 7 23 0 24 21 1 1 0 11 9 0 6 0 0 2
1616338635 67 3 19 36 16 8 23 0 24 21 1 1 0 11 9 0 6 0 0 2
1616339657 67 3 19 36 16 9 23 0 24 21 1 1 0 11 9 0 6 0 0 2
1616342545 67 3 19 36 16 10 23 0 24 21 1 1 0 11 9 0 6 0 0 2
1616343523 67 3 19 36 16 11 23 0 24 21 1 1 0 11 9 0 6 0 0 2
1616696562 67 4 19 36 16 11 23 0 24 21 1 1 0 11 9 0 6 0 0 2
1616699824 67 4 20 36 16 11 23 0 24 21 1 1 0 11 9 0 6 0 0 2
1616699838 67 4 21 36 16 11 23 0 24 21 1 1 0 11 9 0 6 0 0 2
1616771975 67 4 22 36 16 11 23 0 24 21 1 1 0 11 9 0 6 0 0 2
1616775830 67 4 23 36 16 11 23 0 24 21 1 1 0 11 9 0 6 0 0 2
1616780556 67 4 23 36 16 12 23 0 24 21 1 1 0 11 9 0 6 0 0 2
1616782992 67 4 23 36 16 13 23 0 24 21 1 1 0 11 9 0 6 0 0 2
1616783930 67 4 23 36 16 14 23 0 24 21 1 1 0 11 9 0 6 0 0 2
1616785533 67 4 23 36 16 15 23 0 24 21 1 1 0 11 9 0 6 0 0 2
1616896223 67 4 23 36 16 15 23 0 24 21 1 1 0 11 9 1 6 0 0 2
1617047691 67 4 23 36 17 15 23 0 24 21 1 1 0 11 9 1 6 0 0 2
1617049641 67 4 23 36 17 15 23 0 24 21 2 1 0 11 9 1 6 0 0 2
1617049661 67 4 23 36 17 15 23 0 24 21 3 1 0 11 9 1 6 0 0 2
1617052986 67 4 23 36 17 16 23 0 24 21 3 1 0 11 9 1 6 0 0 2
1617055005 67 4 23 36 17 17 23 0 24 21 3 1 0 11 9 1 6 0 0 2
1617058132 67 4 23 36 17 18 23 0 24 21 3 1 0 11 9 1 6 0 0 2
1617123058 67 4 27 36 23 18 23 0 24 21 3 1 0 11 9 1 6 0 0 2
1617156684 67 4 27 36 23 19 23 0 24 21 3 1 0 11 9 1 6 0 0 2
1617296561 67 4 27 36 24 19 23 0 24 21 3 1 0 11 9 1 6 0 0 2
1617409675 67 4 27 36 24 19 23 0 24 21 3 1 0 11 9 2 6 0 0 2
1617586242 67 4 27 36 24 19 23 0 24 21 4 1 0 11 9 2 6 0 0 2
1617636940 67 4 28 36 24 19 23 0 24 21 4 1 0 11 9 2 6 0 0 2
1617638807 67 4 29 36 24 19 23 0 24 21 4 1 0 11 9 2 6 0 0 2
1617639878 67 4 29 36 24 20 23 0 24 21 4 1 0 11 9 2 6 0 0 2
1617641951 67 4 29 36 24 21 23 0 24 21 4 1 0 11 9 2 6 0 0 2
1617645771 67 4 30 36 24 21 23 0 24 21 4 1 0 11 9 2 6 0 0 2
1617660922 67 4 30 36 24 21 23 0 24 21 5 1 0 11 9 2 6 0 0 2
1617723002 67 4 30 36 25 21 23 0 24 21 5 1 0 11 9 2 6 0 0 2
1617723380 67 4 30 36 26 21 23 0 24 21 5 1 0 11 9 2 6 0 0 2
1617993307 67 5 30 36 26 21 23 0 24 21 5 1 0 11 9 2 6 0 0 2
1617995188 67 6 30 36 26 21 23 0 24 21 5 1 0 11 9 2 6 0 0 2
1617996146 67 7 30 36 26 21 23 0 24 21 5 1 0 11 9 2 6 0 0 2
1617996617 67 8 30 36 26 21 23 0 24 21 5 1 0 11 9 2 6 0 0 2
1618004826 67 9 30 36 26 21 23 0 24 21 5 1 0 11 9 2 6 0 0 2
1618007142 67 10 30 36 26 21 23 0 24 21 5 1 0 11 9 2 6 0 0 2
1618007407 67 11 30 36 26 21 23 0 24 21 5 1 0 11 9 2 6 0 0 2
1618007420 67 12 30 36 26 21 23 0 24 21 5 1 0 11 9 2 6 0 0 2
1618171520 67 12 31 36 26 21 23 0 24 21 5 1 0 11 9 2 6 0 0 2
1618173083 67 12 32 36 26 21 23 0 24 21 5 1 0 11 9 2 6 0 0 2
1618237411 67 12 32 36 27 21 23 0 24 21 5 1 0 11 9 2 6 0 0 2
1618244616 67 12 33 36 27 21 23 0 24 21 5 1 0 11 9 2 6 0 0 2
1618246634 67 12 34 36 27 21 23 0 24 21 5 1 0 11 9 2 6 0 0 2
1618248376 67 12 34 36 27 22 23 0 24 21 5 1 0 11 9 2 6 0 0 2
1618249115 67 12 34 36 27 23 23 0 24 21 5 1 0 11 9 2 6 0 0 2
1618272759 67 12 34 36 27 23 23 0 24 21 6 1 0 11 9 2 6 0 0 2
1618272778 67 12 34 36 27 23 23 0 24 21 7 1 0 11 9 2 6 0 0 2
1618273076 67 12 34 36 27 23 23 0 24 21 8 1 0 11 9 2 6 0 0 2
1618273472 67 12 34 36 27 23 23 0 24 21 9 1 0 11 9 2 6 0 0 2
1618333209 67 12 34 36 28 23 23 0 24 21 9 1 0 11 9 2 6 0 0 2
1618335178 67 12 34 36 28 24 23 0 24 21 9 1 0 11 9 2 6 0 0 2
1618335197 67 12 34 36 28 25 23 0 24 21 9 1 0 11 9 2 6 0 0 2
1618348429 67 12 34 36 28 26 23 0 24 21 9 1 0 11 9 2 6 0 0 2
1618350528 67 12 34 36 28 27 23 0 24 21 9 1 0 11 9 2 6 0 0 2
1618357187 67 12 35 36 28 27 23 0 24 21 9 1 0 11 9 2 6 0 0 2
1618358954 67 12 36 36 28 27 23 0 24 21 9 1 0 11 9 2 6 0 0 2
1618424147 67 12 37 36 28 27 23 0 24 21 9 1 0 11 9 2 6 0 0 2
1618424777 67 12 38 36 28 27 23 0 24 21 9 1 0 11 9 2 6 0 0 2
1618425300 67 12 39 36 28 27 23 0 24 21 9 1 0 11 9 2 6 0 0 2
1618432725 67 12 40 36 28 27 23 0 24 21 9 1 0 11 9 2 6 0 0 2
1618435301 67 12 41 36 28 27 23 0 24 21 9 1 0 11 9 2 6 0 0 2
1618512319 67 12 41 36 28 28 23 0 24 21 9 1 0 11 9 2 6 0 0 2
1618512832 67 12 41 36 28 29 23 0 24 21 9 1 0 11 9 2 6 0 0 2
1618537389 67 13 41 36 28 29 23 0 24 21 9 1 0 11 9 2 6 0 0 2
1618543275 67 14 41 36 28 29 23 0 24 21 9 1 0 11 9 2 6 0 0 2
1618580724 67 14 41 36 28 30 23 0 24 21 9 1 0 11 9 2 6 0 0 2
1618591498 67 15 41 36 28 30 23 0 24 21 9 1 0 11 9 2 6 0 0 2
1618762156 67 15 41 36 28 30 23 0 24 21 9 1 0 11 9 3 6 0 0 2
1618763328 67 15 41 36 28 30 23 0 24 21 9 1 0 11 9 4 6 0 0 2
1618877835 67 15 41 36 28 30 23 0 24 21 10 1 0 11 9 4 6 0 0 2
1618970058 67 16 41 36 28 30 23 0 24 21 10 1 0 11 9 4 6 0 0 2
1619207891 67 16 41 37 28 30 23 0 24 21 10 1 0 11 9 4 6 0 0 2
1619366500 67 16 41 37 28 30 23 0 24 21 10 1 0 11 9 5 6 0 0 2
1619373837 67 16 41 37 28 30 23 0 24 21 10 1 0 11 9 6 6 0 0 2
1619535729 67 16 41 37 29 30 23 0 24 21 10 1 0 11 9 6 6 0 0 2
1619536011 67 16 41 37 30 30 23 0 24 21 10 1 0 11 9 6 6 0 0 2
1619536403 67 16 41 37 31 30 23 0 24 21 10 1 0 11 9 6 6 0 0 2
1619536834 67 16 41 37 32 30 23 0 24 21 10 1 0 11 9 6 6 0 0 2
1619544686 67 16 41 37 32 30 23 0 24 21 11 1 0 11 9 6 6 0 0 2
1619544875 67 16 41 37 32 30 23 0 24 21 12 1 0 11 9 6 6 0 0 2
1619546247 67 16 41 37 32 30 23 0 24 21 13 1 0 11 9 6 6 0 0 2
1619547362 67 16 41 37 32 30 23 0 24 21 14 1 0 11 9 6 6 0 0 2
1619618871 67 16 41 37 32 31 23 0 24 21 14 1 0 11 9 6 6 0 0 2
1619619392 67 16 41 37 32 32 23 0 24 21 14 1 0 11 9 6 6 0 0 2
1619619684 67 16 41 37 32 33 23 0 24 21 14 1 0 11 9 6 6 0 0 2
1619619840 67 16 41 37 32 34 23 0 24 21 14 1 0 11 9 6 6 0 0 2
1619707674 67 16 42 37 32 34 23 0 24 21 14 1 0 11 9 6 6 0 0 2
1619708713 67 16 43 37 32 34 23 0 24 21 14 1 0 11 9 6 6 0 0 2
1619807628 67 16 43 37 33 34 23 0 24 21 14 1 0 11 9 6 6 0 0 2
1619808170 67 16 43 37 34 34 23 0 24 21 14 1 0 11 9 6 6 0 0 2
1619917728 67 16 43 37 34 34 23 0 24 21 14 1 0 11 9 7 6 0 0 2
1619920456 67 16 43 37 34 34 23 0 24 21 14 1 0 11 9 8 6 0 0 2
1620385828 67 16 43 37 34 34 23 0 24 21 14 2 0 11 9 8 6 0 0 2
1623480152 67 16 43 37 34 34 23 0 24 21 14 3 0 11 9 8 6 0 0 2
1626217128 67 16 43 37 34 34 24 0 24 21 14 3 0 11 9 8 6 0 0 2
1626217136 67 16 43 37 34 34 25 0 24 21 14 3 0 11 9 8 6 0 0 2
1628019402 67 16 43 37 34 34 25 0 24 21 14 3 0 11 9 8 6 0 0 2
1628019573 67 16 43 37 34 34 25 0 24 21 14 3 0 11 9 8 6 0 0 2
1631742921 67 16 43 37 34 34 25 1 24 21 14 3 0 11 9 8 6 0 0 2
1631744824 67 16 43 37 34 34 25 2 24 21 14 3 0 11 9 8 6 0 0 2
1631744837 67 16 43 37 34 34 25 3 24 21 14 3 0 11 9 8 6 0 0 2
1631911223 67 16 43 37 34 34 25 4 24 21 14 3 0 11 9 8 6 0 0 2
1632255120 67 16 44 37 34 34 25 4 24 21 14 3 0 11 9 8 6 0 0 2
1632255459 67 16 45 37 34 34 25 5 24 21 14 3 0 11 9 8 6 0 0 2
1632418424 67 16 45 37 34 34 25 5 24 21 14 3 1 11 9 8 6 0 0 2
1632514937 67 16 45 37 34 34 25 6 24 21 14 3 1 11 9 8 6 0 0 2
1632801731 67 16 45 37 34 34 26 6 24 21 14 3 1 11 9 8 6 0 0 2
1632846283 67 16 45 37 34 34 26 7 24 21 14 3 1 11 9 8 6 0 0 2
1632848748 67 16 45 37 34 34 26 8 24 21 14 3 1 11 9 8 6 0 0 2
1633121998 67 17 45 37 34 34 26 8 24 21 14 3 1 11 9 8 6 0 0 2
1633122186 67 18 45 37 34 34 26 8 24 21 14 3 1 11 9 8 6 0 0 2
1633353665 67 18 45 37 34 34 26 9 24 21 14 3 1 11 9 8 6 0 0 2
1633359904 67 18 45 37 34 34 26 9 24 21 14 3 2 11 9 8 6 0 0 2
1633371089 67 18 45 37 34 34 26 9 24 21 14 3 2 11 9 8 6 1 0 2
1633465789 67 18 45 37 34 34 26 9 24 21 14 3 3 11 9 8 6 1 0 2
1633467329 67 18 45 37 34 34 26 9 24 21 14 3 4 11 9 8 6 1 0 2
1633477486 67 18 45 37 34 34 26 9 24 21 14 3 4 11 9 8 6 2 0 2
1633624563 67 19 45 37 34 34 26 9 24 21 14 3 4 11 9 8 6 2 0 2
1633632910 67 20 45 37 34 34 26 9 24 21 14 3 4 11 9 8 6 2 0 2
1633726204 67 21 45 37 34 34 26 9 24 21 14 3 4 11 9 8 6 2 0 2
1633727130 67 21 45 37 34 34 26 9 24 21 14 3 4 11 9 8 6 2 0 2
1633893072 67 21 45 37 34 34 26 10 24 21 14 3 4 11 9 8 6 2 0 2
1633893090 67 21 45 37 34 34 26 11 24 21 14 3 4 11 9 8 6 2 0 2
1633990069 67 21 45 37 34 34 26 11 24 21 14 3 4 11 9 8 6 3 0 2
1634070756 67 21 46 37 34 34 26 11 24 21 14 3 4 11 9 8 6 3 0 2
1634071506 67 22 46 37 34 34 26 11 24 21 14 3 4 11 9 8 6 3 0 2
1634077283 67 22 46 37 34 34 26 11 24 21 14 3 4 11 9 8 6 4 0 2
1634308536 67 23 46 37 34 34 26 11 24 21 14 3 4 11 9 8 6 4 0 2
1634311018 67 23 46 37 34 34 26 11 24 21 14 3 5 11 9 8 6 4 0 2
1634314357 67 23 46 37 34 34 26 11 24 21 14 3 6 11 9 8 6 4 0 2
1634329289 67 23 46 37 34 34 26 11 24 21 14 3 6 11 9 8 6 5 0 2
1634329344 67 23 46 37 34 34 26 11 24 21 14 3 6 11 9 8 6 5 0 3
1634329712 67 23 46 37 34 34 26 11 24 21 14 3 7 11 9 8 6 5 0 3
1634329852 67 23 46 37 34 34 27 11 24 21 14 3 7 11 9 8 6 5 0 3
1634330159 67 23 46 37 34 34 27 12 24 21 14 3 7 11 9 8 6 5 0 3
1634359675 67 24 46 37 34 34 27 12 24 21 14 3 7 11 9 8 6 5 0 3
1634674856 67 24 47 37 34 34 27 12 24 21 14 3 7 11 9 8 6 5 0 3
1634675291 67 25 47 37 34 34 27 12 24 21 14 3 8 11 9 8 6 5 0 3
1634676867 68 25 47 37 34 34 27 12 24 21 14 3 8 11 9 8 6 5 0 3
1634880111 68 26 47 37 34 34 27 12 24 21 14 3 8 11 9 8 6 5 0 3
1634915050 68 27 47 37 34 34 27 12 24 21 14 3 8 11 9 8 6 5 0 3
1634916981 68 28 47 37 34 34 27 12 24 21 14 3 8 11 9 8 6 5 0 3
1634926732 68 28 47 37 34 34 27 12 24 21 14 3 9 11 9 8 6 5 0 3
1634927079 68 28 47 37 34 34 27 12 24 21 14 3 10 11 9 8 6 5 0 3
1634927726 68 28 47 37 34 34 28 12 24 21 14 3 10 11 9 8 6 5 0 3
1634927959 68 28 47 37 34 34 29 12 24 21 14 3 10 11 9 8 6 5 0 3
1634927966 68 28 47 37 34 34 30 13 24 21 14 3 10 11 9 8 6 5 0 3
1635283014 68 29 47 37 34 34 30 13 24 21 14 3 10 11 9 8 6 5 0 3
1635283342 68 30 47 37 34 34 30 13 24 21 14 3 10 11 9 8 6 5 0 3
1635283616 68 31 47 37 34 34 30 13 24 21 14 3 10 11 9 8 6 5 0 3
1635286130 68 32 47 37 34 34 30 13 24 21 14 3 10 11 9 8 6 5 0 3
1635287051 68 33 47 37 34 34 30 13 24 21 14 3 10 11 9 8 6 5 0 3
1635539159 68 33 47 37 34 34 30 14 24 21 14 3 10 11 9 8 6 5 0 3
1635539824 68 34 47 37 34 34 30 14 24 21 14 3 10 11 9 8 6 5 0 3
1635540677 68 35 47 37 34 34 30 14 24 21 14 3 10 11 9 8 6 5 0 3
1635782509 68 35 47 37 34 34 30 14 24 21 14 3 10 11 9 8 6 5 1 3
1635786387 68 35 47 37 34 34 30 15 24 21 14 3 10 11 9 8 6 5 1 3
1635789954 68 35 47 37 34 34 30 16 24 21 14 3 10 11 9 8 6 5 1 3
1635816919 69 35 47 37 34 34 30 16 24 21 14 3 10 11 9 8 6 5 1 3
1635884802 70 35 47 37 34 34 30 16 24 21 14 3 10 11 9 8 6 5 1 3
1635969278 70 36 47 37 34 34 30 16 24 21 14 3 10 11 9 8 6 5 1 3
1635976386 70 36 47 37 34 34 30 17 24 21 14 3 10 11 9 8 6 5 1 3
1635981464 70 36 47 37 34 34 30 18 24 21 14 3 10 11 9 8 6 5 1 3
1635985253 71 36 47 37 34 34 30 18 24 21 14 3 10 11 9 8 6 5 1 3
1636143371 71 36 47 37 34 34 30 19 24 21 14 3 10 11 9 8 6 5 1 3
1636143590 71 36 47 37 34 34 30 20 24 21 14 3 10 11 9 8 6 5 1 3
1636144245 71 36 47 38 34 34 30 20 24 21 14 3 10 11 9 8 6 5 1 3
1636144381 71 36 47 39 34 34 30 20 24 21 14 3 10 11 9 8 6 5 1 3
1636144977 71 36 47 40 34 34 30 20 24 21 14 3 10 11 9 8 6 5 1 3
1636145213 71 36 47 40 34 34 31 20 24 21 14 3 10 11 9 8 6 5 1 3
1636146026 71 37 47 40 34 34 31 20 24 21 14 3 10 11 9 8 6 5 1 3
1636146267 71 37 47 40 34 34 31 21 24 21 14 3 10 11 9 8 6 5 1 3
1636146270 71 37 47 40 34 34 31 22 24 21 14 3 10 11 9 8 6 5 1 3
1636146896 71 38 47 40 34 34 31 22 24 21 14 3 10 11 9 8 6 5 1 3
1636335566 71 39 47 40 34 34 31 22 24 21 14 3 10 11 9 8 6 5 1 3
1636482939 71 39 47 40 34 34 31 22 24 21 14 3 10 11 9 8 6 5 2 3
1636493585 72 39 47 40 34 34 31 22 24 21 14 3 10 11 9 8 6 5 2 3
1636494484 72 40 47 40 34 34 31 22 24 21 14 3 10 11 9 8 6 5 2 3
1636495406 72 41 47 40 34 34 31 22 24 21 14 3 10 11 9 8 6 5 2 3
1636754369 72 42 47 40 34 34 31 22 24 21 14 3 10 11 9 8 6 5 2 3
1636754415 72 42 47 40 34 34 31 23 24 21 14 3 10 11 9 8 6 5 2 3
1636754689 72 42 47 40 34 34 31 24 24 21 14 3 10 11 9 8 6 5 2 3
1636754989 72 42 47 40 34 34 31 25 24 21 14 3 10 11 9 8 6 5 2 3
1636755203 72 43 47 40 34 34 31 25 24 21 14 3 10 11 9 8 6 5 2 3
1637076902 72 44 47 40 34 34 31 25 24 21 14 3 10 11 9 8 6 5 2 3
1637078912 72 45 47 40 34 34 31 25 24 21 14 3 10 11 9 8 6 5 2 3
1637097039 72 46 47 40 34 34 31 25 24 21 14 3 10 11 9 8 6 5 2 3
1637098372 72 47 47 40 34 34 31 25 24 21 14 3 10 11 9 8 6 5 2 3
1637099293 72 47 47 40 34 34 31 26 24 21 14 3 10 11 9 8 6 5 2 3
1637099493 72 47 47 40 34 34 31 27 24 21 14 3 10 11 9 8 6 5 2 3
1637358620 72 48 47 40 34 34 31 27 24 21 14 3 10 11 9 8 6 5 2 3
1637540177 72 49 47 40 34 34 31 27 24 21 14 3 10 11 9 8 6 5 2 3
1637637997 72 49 47 40 34 34 31 27 24 21 14 3 10 11 9 8 6 5 3 3
1637872896 73 49 47 40 34 34 31 27 24 21 14 3 10 11 9 8 6 5 3 3
1638212872 73 49 47 40 34 34 31 27 24 21 14 3 11 11 9 8 6 5 3 3
1638367790 74 49 47 40 34 34 31 27 24 21 14 3 11 11 9 8 6 5 3 3
1638367812 74 49 47 40 34 34 31 27 24 21 14 3 12 11 9 8 6 5 3 3
1638412268 75 49 47 40 34 34 31 27 24 21 14 3 12 11 9 8 6 5 3 3
1638740929 75 50 47 40 34 34 31 27 24 21 14 3 12 11 9 8 6 5 3 3
1644356962 75 51 47 40 34 34 31 27 24 21 14 3 12 11 9 8 6 5 3 3
1644358044 75 52 47 40 34 34 31 27 24 21 14 3 12 11 9 8 6 5 3 3
1644614351 75 52 47 40 34 34 31 27 24 21 14 4 12 11 9 8 6 5 3 3
1644614414 75 52 47 40 34 34 31 27 24 21 14 5 12 11 9 8 6 5 3 3
1644614480 75 52 47 40 34 34 31 27 24 21 14 6 12 11 9 8 6 5 3 3
1644614896 76 52 47 40 34 34 31 27 24 21 14 6 12 11 9 8 6 5 3 3
1644616209 76 53 47 40 34 34 31 27 24 21 14 6 12 11 9 8 6 5 3 3
1644616306 76 54 47 40 34 34 31 27 24 21 14 6 12 11 9 8 6 5 3 3
1644617984 76 55 47 40 34 34 31 27 24 21 14 6 12 11 9 8 6 5 3 3
1644618012 76 56 47 40 34 34 31 27 24 21 14 6 12 11 9 8 6 5 3 3
1644619763 76 57 47 40 34 34 31 27 24 21 14 6 12 11 9 8 6 5 3 3
1644962668 76 58 47 40 34 34 31 27 24 21 14 6 12 11 9 8 6 5 3 3
1645132568 76 58 47 40 34 34 31 27 24 21 14 7 12 11 9 8 6 5 3 3
1645221276 77 58 47 40 34 34 31 27 24 21 14 7 12 11 9 8 6 5 3 3
1645222873 77 59 47 40 34 34 31 27 24 21 14 7 12 11 9 8 6 5 3 3
1645382239 77 60 47 40 34 34 31 27 24 21 14 7 12 11 9 8 6 5 3 3
1645385104 77 61 47 40 34 34 31 27 24 21 14 7 12 11 9 8 6 5 3 3
1645392136 77 62 47 40 34 34 31 27 24 21 14 7 12 11 9 8 6 5 3 3
1645903057 77 63 47 40 34 34 31 27 24 21 14 7 12 11 9 8 6 5 3 3
1646168444 77 64 47 40 34 34 31 27 24 21 14 7 12 11 9 8 6 5 3 3
1646168847 77 65 47 40 34 34 31 27 24 21 14 7 12 11 9 8 6 5 3 3
1646170344 77 65 47 40 34 34 31 27 24 21 14 8 12 11 9 8 6 5 3 3
1646170366 77 65 47 40 34 34 31 27 24 21 14 9 12 11 9 8 6 5 3 3
1646171628 78 65 47 40 34 34 31 27 24 21 14 9 12 11 9 8 6 5 3 3
1646171851 79 65 47 40 34 34 31 27 24 21 14 9 12 11 9 8 6 5 3 3
1646258307 80 65 47 40 34 34 31 27 24 21 14 9 12 11 9 8 6 5 3 3
1646258497 81 65 47 40 34 34 31 27 24 21 14 9 12 11 9 8 6 5 3 3
1646258557 81 65 47 40 34 34 31 27 24 21 14 10 12 11 9 8 6 5 3 3
1646258663 81 65 47 40 34 34 31 27 24 21 14 11 12 11 9 8 6 5 3 3
1646258672 81 65 47 40 34 34 31 27 24 21 14 12 12 11 9 8 6 5 3 3
1646258719 82 65 47 40 34 34 31 27 24 21 14 12 12 11 9 8 6 5 3 3
1646258730 83 65 47 40 34 34 31 27 24 21 14 12 12 11 9 8 6 5 3 3
1646258848 84 65 47 40 34 34 31 27 24 21 14 12 12 11 9 8 6 5 3 3
1646258855 85 65 47 40 34 34 31 27 24 21 14 12 12 11 9 8 6 5 3 3
1646260930 86 65 47 40 34 34 31 27 24 21 14 12 12 11 9 8 6 5 3 3
1646261291 87 65 47 40 34 34 31 27 24 21 14 12 12 11 9 8 6 5 3 3
1646264611 88 65 47 40 34 34 31 27 24 21 14 12 12 11 9 8 6 5 3 3
1646264654 89 65 47 40 34 34 31 27 24 21 14 12 12 11 9 8 6 5 3 3
1646324195 90 65 47 40 34 34 31 27 24 21 14 12 12 11 9 8 6 5 3 3
1646324295 91 65 47 40 34 34 31 27 24 21 14 12 12 11 9 8 6 5 3 3
1646358918 92 65 47 40 34 34 31 27 24 21 14 12 12 11 9 8 6 5 3 3
