1591382637 2
1591724419 8
1591725888 8
1591813886 9
1591813973 10
1591815173 14462
1591816253 15393
1591817144 15402
1591817339 15405
1591818055 15799
1591819622 15799
1591820349 15770
1591820562 15826
1592340474 15998
1593487626 16084
1594164750 16229
1594403796 16437
1596766594 17422
1597953562 17443
1600890434 17449
1600891282 19674
1600891336 20293
1600892401 35299
1600919065 21073
1600921631 21151
1601349187 21151
1602443760 22915
1603643595 21996
1604248076 22004
1606774133 23890
1606933232 23900
1607041873 9175
1607620286 9176
1607620779 24158
1614038113 24157
1615136949 24197
1615397913 24214
1615820410 24214
1615932653 24832
1615932656 25050
1616099480 25054
1616100481 25054
1616696562 25096
1616896223 25078
1617055005 29877
1619619684 53474
1619619840 53532
1626217128 53532
1626217136 53532
1632255120 53533
1633727130 53619
1635782509 53561
1636482939 56961
1644614351 56961
1644614414 56968
1644614480 56968
1645132568 56968
1646170344 56968
1646170366 56961
1646171628 56962
1646171851 56963
1646258497 58352
1646258557 58352
1646258663 58352
1646258672 58352
1646258730 58351
1646258855 58351
1646260930 58351
1646324295 58317
1646358918 58318
