1591382637 0 0 0 0 0 0 2 0 0 0 0 0 0 0 0 0 0 0 0 0
1591724419 7 0 0 0 0 0 2 0 0 0 0 0 0 0 0 0 0 0 0 0
1591725888 8 0 0 0 0 0 2 0 0 0 0 0 0 0 0 0 0 0 0 0
1591813886 8 0 0 0 0 0 2 0 0 1 0 0 0 0 0 0 0 0 0 0
1591813973 8 0 0 0 0 0 2 0 0 2 0 0 0 0 0 0 0 0 0 0
1591815173 8 0 0 14453 0 0 2 0 0 2 0 0 0 0 0 0 0 0 0 0
1591816253 8 0 0 15386 0 0 2 0 0 2 0 0 0 0 0 0 0 0 0 0
1591817144 17 0 0 15386 0 0 2 0 0 2 0 0 0 0 0 0 0 0 0 0
1591817339 20 0 0 15386 0 0 2 0 0 2 0 0 0 0 0 0 0 0 0 0
1591818055 20 0 0 15797 0 0 2 0 0 2 0 0 0 0 0 0 0 0 0 0
1591819622 20 0 0 15845 0 0 2 0 0 2 0 0 0 0 0 0 0 0 0 0
1591820349 20 0 0 15859 0 0 2 0 0 2 0 0 0 0 0 0 0 0 0 0
1591820562 20 0 0 15915 0 0 2 0 0 2 0 0 0 0 0 0 0 0 0 0
1592182619 20 0 0 15915 0 0 2 0 0 160 0 0 0 0 0 0 0 0 0 0
1592248864 20 0 0 15915 0 0 2 0 0 250 0 0 0 0 0 0 0 0 0 0
1592340474 192 0 0 15915 0 0 2 0 0 250 0 0 0 0 0 0 0 0 0 0
1592352515 192 0 0 30419 0 0 2 0 0 250 0 0 0 0 0 0 0 0 0 0
1592354785 192 0 0 30555 0 0 2 0 0 250 0 0 0 0 0 0 0 0 0 0
1592762223 192 0 0 30583 0 0 2 0 0 250 0 0 0 0 0 0 0 0 0 0
1592762555 192 0 0 30610 0 0 2 0 0 250 0 0 0 0 0 0 0 0 0 0
1592766039 192 0 0 30624 0 0 2 0 0 250 0 0 0 0 0 0 0 0 0 0
1592938264 192 0 0 30624 0 0 2 0 0 250 0 0 0 0 0 0 0 0 0 0
1592976043 211 0 0 30624 0 0 2 0 0 250 0 0 0 0 0 0 0 0 0 0
1592976869 224 0 0 30624 0 0 2 0 0 250 0 0 0 0 0 0 0 0 0 0
1592977460 254 0 0 30624 0 0 2 0 0 250 0 0 0 0 0 0 0 0 0 0
1592978765 270 0 0 30624 0 0 2 0 0 250 0 0 0 0 0 0 0 0 0 0
1592979405 279 0 0 30624 0 0 2 0 0 250 0 0 0 0 0 0 0 0 0 0
1593032036 316 0 0 30624 0 0 2 0 0 250 0 0 0 0 0 0 0 0 0 0
1593121921 316 0 0 30624 0 0 2 0 0 271 0 0 0 0 0 0 0 0 0 0
1593123563 316 0 0 45895 0 0 2 0 0 271 0 0 0 0 0 0 0 0 0 0
1593128543 360 0 0 45895 0 0 2 0 0 271 0 0 0 0 0 0 0 0 0 0
1593128958 361 0 0 45895 0 0 2 0 0 271 0 0 0 0 0 0 0 0 0 0
1593130584 383 0 0 45895 0 0 2 0 0 271 0 0 0 0 0 0 0 0 0 0
1593199647 421 0 0 45895 0 0 2 0 0 271 0 0 0 0 0 0 0 0 0 0
1593303781 466 0 0 45895 0 0 2 0 0 271 0 0 0 0 0 0 0 0 0 0
1593364386 513 0 0 45895 0 0 2 0 0 271 0 0 0 0 0 0 0 0 0 0
1593371372 513 0 0 45895 0 0 2 0 0 417 0 0 0 0 0 0 0 0 0 0
1593371994 513 0 0 46937 0 0 2 0 0 417 0 0 0 0 0 0 0 0 0 0
1593386961 513 0 0 46937 0 0 2 0 0 650 0 0 0 0 0 0 0 0 0 0
1593487626 625 0 0 46937 0 0 2 0 0 650 0 0 0 0 0 0 0 0 0 0
1594164291 690 0 0 46937 0 0 2 0 0 650 0 0 0 0 0 0 0 0 0 0
1594164750 836 0 0 46937 0 0 2 0 0 650 0 0 0 0 0 0 0 0 0 0
1594236595 851 0 0 46937 0 0 2 0 0 650 0 0 0 0 0 0 0 0 0 0
1594333250 898 0 0 46937 0 0 2 0 0 650 0 0 0 0 0 0 0 0 0 0
1594403364 898 0 0 46937 0 0 2 0 0 650 0 0 0 0 0 0 0 0 0 0
1594403796 898 0 0 46937 0 0 2 0 0 650 0 0 0 0 0 0 0 0 0 0
1594405683 898 0 0 46937 0 0 2 0 0 650 0 0 0 0 0 0 0 0 0 0
1594406476 898 0 0 61884 0 0 2 0 0 650 0 0 0 0 0 0 0 0 0 0
1594407714 898 0 0 61892 0 0 2 0 0 650 0 0 0 0 0 0 0 0 0 0
1594576273 919 0 0 61892 0 0 2 0 0 650 0 0 0 0 0 0 0 0 0 0
1594577940 940 0 0 61892 0 0 2 0 0 650 0 0 0 0 0 0 0 0 0 0
1595282148 940 0 0 62027 0 0 2 0 0 650 0 0 0 0 0 0 0 0 0 0
1595290055 973 0 0 62027 0 0 2 0 0 650 0 0 0 0 0 0 0 0 0 0
1595299768 973 0 0 62027 0 0 2 0 0 650 0 0 0 0 71 0 0 0 0 0
1595389155 973 0 0 62027 0 0 2 0 0 650 0 0 0 0 123 0 0 0 0 0
1595532964 1028 0 0 62027 0 0 2 0 0 650 0 0 0 0 123 0 0 0 0 0
1595627169 1028 0 0 62606 0 0 2 0 0 650 0 0 0 0 123 0 0 0 0 0
1595628329 1028 0 0 62618 0 0 2 0 0 650 0 0 0 0 123 0 0 0 0 0
1595650927 1076 0 0 62618 0 0 2 0 0 650 0 0 0 0 123 0 0 0 0 0
1596226386 1088 0 0 62618 0 0 2 0 0 650 0 0 0 0 123 0 0 0 0 0
1596226460 1120 0 0 62618 0 0 2 0 0 650 0 0 0 0 123 0 0 0 0 0
1596501258 1120 0 0 62618 0 0 2 0 0 659 0 0 0 0 123 0 0 0 0 0
1596502165 1175 0 0 62618 0 0 2 0 0 659 0 0 0 0 123 0 0 0 0 0
1596502178 1175 0 0 62618 0 0 2 0 0 659 0 0 0 0 123 0 0 0 0 0
1596508747 1175 0 0 62618 0 0 2 0 0 659 0 0 0 0 253 0 0 0 0 0
1596509772 1175 0 0 62618 0 0 2 0 0 659 0 0 0 0 257 0 0 0 0 0
1596511005 1179 0 0 62618 0 0 2 0 0 659 0 0 0 0 257 0 0 0 0 0
1596744591 1179 0 0 62618 0 0 2 0 0 706 0 0 0 0 257 0 0 0 0 0
1596747677 1179 0 0 62618 0 0 2 0 0 884 0 0 0 0 257 0 0 0 0 0
1596752283 1179 0 0 62618 0 0 2 0 0 3008 0 0 0 0 257 0 0 0 0 0
1596765666 1179 0 0 62618 0 0 2 0 0 3009 0 0 0 0 257 0 0 0 0 0
1596766055 1179 0 0 62618 0 0 2 0 0 3011 0 0 0 0 257 0 0 0 0 0
1596766423 1179 0 0 62618 0 0 2 0 0 3020 0 0 0 0 257 0 0 0 0 0
1596766594 1179 0 0 62618 0 0 2 0 0 3020 0 0 0 0 257 0 0 0 0 0
1596813683 1179 0 0 65092 0 0 2 0 0 3020 0 0 0 0 257 0 0 0 0 0
1596823409 1244 0 0 65092 0 0 2 0 0 3020 0 0 0 0 257 0 0 0 0 0
1596823418 1244 0 0 65092 0 0 2 0 0 3020 0 0 0 0 257 0 0 0 0 0
1596862674 1271 0 0 65092 0 0 2 0 0 3020 0 0 0 0 257 0 0 0 0 0
1597114735 1271 0 0 65092 0 0 2 0 0 3020 0 0 0 0 382 0 0 0 0 0
1597197091 1271 0 0 65092 0 0 2 0 0 3028 0 0 0 0 382 0 0 0 0 0
1597197467 1271 0 0 65092 0 0 2 0 0 3037 0 0 0 0 382 0 0 0 0 0
1597456941 1319 0 0 65092 0 0 2 0 0 3037 0 0 0 0 382 0 0 0 0 0
1597713705 1319 0 0 65092 0 0 2 0 0 3037 0 0 0 0 446 0 0 0 0 0
1597948308 1332 0 0 65092 0 0 2 0 0 3037 0 0 0 0 446 0 0 0 0 0
1597953562 1332 0 0 65092 0 0 2 0 0 3037 0 0 0 0 446 0 0 0 0 0
1597984536 1332 0 0 65092 0 0 2 0 0 3037 0 0 0 0 513 0 0 0 0 0
1597990304 1332 0 0 65092 0 0 2 0 0 3037 0 0 0 0 583 0 0 0 0 0
1597990909 1332 0 0 65092 0 0 2 0 0 3037 0 0 0 0 626 0 0 0 0 0
1600890162 1332 0 0 65092 0 0 2 0 0 3094 0 0 0 0 626 0 0 0 0 0
1600890434 1332 0 0 65092 0 0 2 0 0 3094 0 0 0 0 626 0 0 0 0 0
1600891106 1332 0 0 65092 0 0 2 0 0 3112 0 0 0 0 626 0 0 0 0 0
1600891266 1332 0 0 65092 0 0 2 0 0 3112 0 0 0 0 626 0 0 0 0 0
1600891282 1332 0 0 65092 0 0 2 0 0 3112 0 0 0 0 626 0 0 0 0 0
1600891336 1332 0 0 65092 0 0 2 0 0 3112 0 0 0 0 626 0 0 0 0 0
1600892378 1332 0 0 65092 0 0 2 0 0 3112 0 0 0 0 626 0 0 0 0 0
1600892401 1332 0 0 65092 0 0 2 0 0 3112 0 0 0 0 626 0 0 0 0 0
1600919065 1332 0 0 65092 0 0 2 0 0 3162 0 0 0 0 626 0 0 0 0 0
1600921631 1332 0 0 65092 0 0 2 0 0 3246 0 0 0 0 626 0 0 0 0 0
1600923643 1332 0 0 65092 2 0 2 0 0 3246 0 0 0 0 626 0 0 0 0 0
1600923786 1332 0 0 65092 201 0 2 0 0 3246 0 0 0 0 626 0 0 0 0 0
1601323302 1332 0 0 65092 201 0 14 0 0 3246 0 0 0 0 626 0 0 0 0 0
1601349187 1332 0 0 65092 201 0 14 0 0 3246 0 1428 0 0 626 0 0 0 0 0
1601512821 1332 0 0 65092 201 0 14 0 0 3246 0 1428 0 170 626 0 0 0 0 0
1602008921 1332 0 0 65092 201 0 14 0 0 3386 0 1428 0 170 626 0 0 0 0 0
1602267562 1332 0 0 65092 201 0 14 0 45 3386 0 1428 0 170 626 0 0 0 0 0
1602269366 1332 0 0 65092 201 0 14 0 89 3386 0 1428 0 170 626 0 0 0 0 0
1602443603 1332 0 0 65092 201 0 14 0 89 3386 0 1428 0 170 626 0 0 0 0 0
1602443760 1332 0 0 65092 201 0 14 0 89 3386 0 1428 0 170 626 0 0 0 0 0
1602447361 1332 0 0 65092 201 0 62 0 89 3386 0 1428 0 170 626 0 0 0 0 0
1602452483 1332 0 0 65092 201 0 159 0 178 3386 0 1428 0 170 626 0 0 0 0 0
1602511054 1332 0 0 65092 201 0 159 0 178 3386 0 1428 0 170 626 0 0 0 0 0
1602539592 1332 0 0 65092 201 0 227 0 178 3386 0 1428 0 170 626 0 0 0 0 0
1602726204 1332 0 0 65092 229 0 227 0 178 3386 0 1428 0 170 626 0 0 0 0 0
1602733661 1332 0 0 65092 229 0 227 0 178 3386 0 1428 0 229 626 0 0 0 0 0
1602733714 1332 0 0 65092 293 0 227 0 178 3386 0 1428 0 229 626 0 0 0 0 0
1602734102 1332 0 0 65092 293 0 227 0 178 3386 0 1428 0 229 626 0 0 0 0 0
1602870835 1332 0 0 65092 293 0 348 0 178 3386 0 1428 0 229 626 0 0 0 0 0
1602883706 1332 0 0 65092 293 0 348 0 203 3386 0 1428 0 229 626 0 0 0 0 0
1603127295 1332 0 0 65092 293 0 348 0 413 3386 0 1428 0 229 626 0 0 0 0 0
1603127916 1332 0 0 65092 293 0 348 0 418 3386 0 1428 0 229 626 0 0 0 0 0
1603131363 1332 0 140 65092 293 0 348 0 418 3386 0 1428 0 229 626 0 0 0 0 0
1603210974 1332 0 140 65092 293 0 348 0 689 3386 0 1428 0 229 626 0 0 0 0 0
1603211157 1332 0 140 65092 293 0 348 0 689 3386 0 1428 0 229 626 0 0 0 0 0
1603211441 1332 0 140 65092 293 0 348 0 759 3386 0 1428 0 229 626 0 0 0 0 0
1603258564 1338 0 140 65092 293 0 348 0 759 3386 0 1428 0 229 626 0 0 0 0 0
1603328696 1338 0 140 65092 293 0 348 0 759 3386 0 1428 0 234 626 0 0 0 0 0
1603333066 1338 0 140 65092 293 0 348 0 759 3386 0 1428 0 254 626 0 0 0 0 0
1603335360 1338 0 140 65092 355 0 348 0 759 3386 0 1428 0 254 626 0 0 0 0 0
1603335735 1338 0 140 65092 355 0 348 0 759 3386 0 1428 0 254 626 0 0 0 0 0
1603396127 1363 0 140 65092 355 0 348 0 759 3386 0 1428 0 254 626 0 0 0 0 0
1603427975 1464 0 140 65092 355 0 348 0 759 3386 0 1428 0 254 626 0 0 0 0 0
1603459347 1464 0 140 65092 355 0 348 0 1027 3386 0 1428 0 254 626 0 0 0 0 0
1603477664 1487 0 140 65092 355 0 348 0 1027 3386 0 1428 0 254 626 0 0 0 0 0
1603478486 1487 0 202 65092 355 0 348 0 1027 3386 0 1428 0 254 626 0 0 0 0 0
1603478781 1502 0 202 65092 355 0 348 0 1083 3386 0 1428 0 254 626 0 0 0 0 0
1603480360 1502 0 202 65092 355 0 348 0 1083 3386 0 1428 0 254 626 0 0 0 0 0
1603506447 1502 0 202 65092 543 0 348 0 1083 3386 0 1428 0 254 626 0 0 0 0 0
1603506453 1502 0 202 65092 543 0 348 0 1083 3386 0 1428 0 254 626 0 0 0 0 0
1603643595 1502 0 202 65092 543 0 348 0 1083 3386 0 1428 0 254 626 0 0 0 0 0
1603747837 1564 0 202 65092 543 0 348 0 1083 3386 0 1428 0 254 626 0 0 0 0 0
1603776798 1630 0 202 65092 543 0 348 0 1083 3386 0 1428 0 254 626 0 0 0 0 0
1603913324 1630 0 202 65163 543 0 348 0 1083 3386 0 1428 0 254 626 0 0 0 0 0
1603915302 1630 0 202 65202 543 0 348 0 1083 3386 0 1428 0 254 626 0 0 0 0 0
1603916361 1630 0 202 65258 543 0 348 0 1083 3386 0 1428 0 254 626 0 0 0 0 0
1603919000 1630 0 202 65292 543 0 348 0 1083 3386 0 1428 0 254 626 0 0 0 0 0
1603924343 1742 0 202 65292 543 0 348 0 1083 3386 0 1428 0 254 626 0 0 0 0 0
1604019129 1742 0 202 65292 595 0 348 0 1083 3386 0 1428 0 254 626 0 0 0 0 0
1604023021 1742 0 290 65292 595 0 348 0 1083 3386 0 1428 0 254 626 0 0 0 0 0
1604023058 1742 0 293 65292 595 0 348 0 1083 3386 0 1428 0 254 626 0 0 0 0 0
1604248076 1742 0 293 65292 595 0 348 0 1083 3386 0 1428 0 254 626 0 0 0 0 0
1604278086 1742 0 293 65341 595 0 348 0 1083 3386 0 1428 0 254 626 0 0 0 0 0
1604283797 1742 0 293 65452 595 0 348 0 1083 3386 0 1428 0 254 626 0 0 0 0 0
1604292214 1742 0 293 65452 595 0 348 0 1083 3386 0 1428 0 336 626 0 0 0 0 0
1604338896 1742 0 293 65515 595 0 348 0 1083 3386 0 1428 0 336 626 0 0 0 0 0
1604424392 1742 0 295 65515 595 0 348 0 1083 3386 0 1428 0 336 626 0 0 0 0 0
1604424457 1742 0 295 65515 595 0 348 0 1083 3386 0 1428 0 336 626 0 0 0 0 0
1604428635 1742 0 295 65522 595 0 348 0 1083 3386 0 1428 0 336 626 0 0 0 0 0
1604676021 1742 0 295 65522 595 0 348 0 1083 3386 0 1428 0 338 626 0 0 0 0 0
1604676622 1742 0 295 65522 595 0 348 0 1083 3386 0 1428 0 402 626 0 0 0 0 0
1604688033 1817 0 295 65522 595 0 348 0 1083 3386 0 1428 0 402 626 0 0 0 0 0
1604688270 1817 0 295 65522 595 0 348 0 1083 3386 0 1428 0 402 626 0 0 0 0 0
1604695678 1819 0 295 65522 595 0 348 0 1083 3386 0 1428 0 402 626 0 0 0 0 0
1605137435 1819 0 295 65571 595 0 348 0 1083 3386 0 1428 0 402 626 0 0 0 0 0
1605139783 1819 0 295 65695 595 0 348 0 1083 3386 0 1428 0 402 626 0 0 0 0 0
1605207789 1856 0 295 65695 595 0 348 0 1083 3386 0 1428 0 402 626 0 0 0 0 0
1605292311 1856 0 295 65695 595 0 348 0 1083 3386 0 1428 0 402 626 0 0 0 0 0
1605294172 1856 0 297 65695 595 0 348 0 1083 3386 0 1428 0 402 626 0 0 0 0 0
1605296922 1856 0 297 65695 595 0 348 0 1083 3386 0 1428 0 402 626 0 4 0 0 0
1605302406 1856 0 303 65695 595 0 348 0 1083 3386 0 1428 0 402 626 0 4 0 0 0
1605303375 1856 0 303 65695 595 0 348 0 1083 3386 0 1428 0 402 626 0 19 0 0 0
1605310014 1856 0 303 65731 595 0 348 0 1083 3386 0 1428 0 402 626 0 19 0 0 0
1605310607 1856 0 303 65731 595 0 348 0 1083 3386 0 1428 0 402 626 0 19 0 0 0
1605310692 1856 0 303 65732 595 0 348 0 1083 3386 0 1428 0 402 626 0 19 0 0 0
1605452924 1856 0 303 65732 595 0 348 0 1141 3386 0 1428 0 402 626 0 19 0 0 0
1605507828 1943 0 303 65732 595 0 348 0 1141 3386 0 1428 0 402 626 0 19 0 0 0
1605635997 1971 0 303 65732 595 0 348 0 1141 3386 0 1428 0 402 626 0 19 0 0 0
1605647638 1971 0 303 65878 595 0 348 0 1141 3386 0 1428 0 402 626 0 19 0 0 0
1605647884 1971 0 303 65878 595 0 348 0 1141 3386 0 1428 0 402 626 0 19 0 0 0
1605675884 1971 0 303 66063 595 0 348 0 1141 3386 0 1428 0 402 626 0 19 0 0 0
1605763067 1971 0 303 66063 595 0 348 0 1141 3386 0 1428 0 403 626 0 19 0 0 0
1605983253 1971 0 303 66063 595 0 348 0 1676 3386 0 1428 0 403 626 0 19 0 0 0
1605985527 1971 0 303 66063 595 0 348 0 1808 3386 0 1428 0 403 626 0 19 0 0 0
1605985798 1971 0 303 66063 595 0 348 0 1808 3386 0 1428 0 403 626 0 96 0 0 0
1606005795 1971 0 303 66063 694 0 348 0 1808 3386 0 1428 0 403 626 0 96 0 0 0
1606081582 1971 0 311 66063 694 0 348 0 1808 3386 0 1428 0 403 626 0 96 0 0 0
1606099755 1971 0 311 66063 694 0 348 0 1808 3386 0 1428 0 403 626 0 96 0 0 0
1606104128 1971 0 327 66063 694 0 348 0 1808 3386 0 1428 0 403 626 0 96 0 0 0
1606165112 1971 0 327 66063 694 0 348 0 1808 3386 0 1428 0 403 626 0 96 0 0 0
1606241615 1971 0 327 66063 694 0 348 0 1808 3386 0 1428 0 459 626 0 96 0 0 0
1606242731 2469 0 327 66063 694 0 348 0 1808 3386 0 1428 0 459 626 0 96 0 0 0
1606242947 2469 0 327 66063 694 0 348 0 1808 3386 0 1428 0 459 626 0 96 0 0 0
1606243498 2492 0 327 66063 694 0 348 0 1808 3386 0 1428 0 459 626 0 96 0 0 0
1606604672 2712 0 327 66063 694 0 348 0 1808 3386 0 1428 0 459 626 0 96 0 0 0
1606633976 2760 0 327 66063 694 0 348 0 1808 3386 0 1428 0 459 626 0 96 0 0 0
1606713386 2893 0 327 66063 694 0 348 0 1808 3386 0 1428 0 459 626 0 96 0 0 0
1606715973 2933 0 327 66063 694 0 348 0 1808 3386 0 1428 0 459 626 0 96 0 0 0
1606774133 4970 0 327 66063 694 0 348 0 1808 3386 0 1428 0 459 626 0 96 0 0 0
1606872682 4970 0 327 66063 694 0 348 0 1808 3386 0 1428 0 490 626 0 96 0 0 0
1606933232 5020 0 327 66063 694 0 348 0 1808 3386 0 1428 0 490 626 0 96 0 0 0
1606941488 5020 0 327 66063 694 0 348 0 1808 3386 0 1428 0 490 626 0 104 0 0 0
1606943340 5020 0 327 66063 694 0 348 0 1808 3386 0 1428 0 490 626 0 232 0 0 0
1607015223 5035 0 327 66063 694 0 348 0 1808 3386 0 1428 0 490 626 0 232 0 0 0
1607022117 5035 0 327 66063 694 0 348 0 1913 3386 0 1428 0 490 626 0 232 0 0 0
1607038738 5035 0 327 66063 694 0 348 0 2140 3386 0 1428 0 490 626 0 232 0 0 0
1607038895 5035 0 327 66063 694 0 348 0 2140 3386 0 1428 0 490 626 0 232 0 0 0
1607039282 5035 0 327 66063 694 0 348 0 2141 3386 0 1428 0 490 626 0 232 0 0 0
1607041873 5035 0 327 66063 694 0 348 0 2141 3386 0 1428 0 490 626 0 232 0 0 0
1607120007 5035 0 327 66063 694 0 348 0 2141 3386 0 1428 0 490 626 0 248 0 0 0
1607198909 5035 0 327 66063 694 0 348 0 2141 3386 0 1428 0 568 626 0 248 0 0 0
1607300235 5035 0 327 66063 843 0 348 0 2141 3386 0 1428 0 568 626 0 248 0 0 0
1607447229 5035 0 327 66063 843 0 348 0 2141 3386 0 1428 0 568 626 0 248 0 0 0
1607620286 5048 0 327 66063 843 0 348 0 2141 3386 0 1428 0 568 626 0 248 0 0 0
1607620726 5048 0 327 66063 843 0 348 0 2141 3386 0 1428 0 568 626 0 248 0 0 0
1607620779 5048 0 327 66063 843 0 348 0 2141 3386 0 1428 0 568 626 0 248 0 0 0
1613837250 5048 0 327 66063 843 0 348 0 2254 3386 0 1428 0 568 626 0 248 0 0 0
1613958197 5048 0 327 66063 849 0 348 0 2254 3386 0 1428 0 568 626 0 248 0 0 0
1614038113 5048 0 327 66063 849 0 348 0 2254 3386 0 1428 0 568 626 0 248 0 0 0
1614119329 5048 0 327 66063 849 0 348 0 2254 3386 0 1428 0 568 626 0 248 0 0 0
1614119389 5048 0 327 66063 849 0 348 0 2254 3386 0 1428 0 568 626 0 248 0 0 0
1614119403 5048 0 327 66063 849 0 348 0 2254 3386 0 1428 0 568 626 0 248 0 0 0
1614119434 5048 0 327 66063 849 0 348 0 2254 3386 0 1428 0 568 626 0 248 0 0 0
1614216612 5048 0 327 66063 849 0 348 0 2254 3386 25 1428 0 568 626 0 248 0 0 0
1614223096 5048 0 327 66063 858 0 348 0 2254 3386 25 1428 0 568 626 0 248 0 0 0
1614223143 5048 0 327 66063 858 0 348 0 2254 3386 25 1428 0 568 626 0 248 0 0 0
1614228495 5048 15 327 66063 858 0 348 0 2254 3386 25 1428 0 568 626 0 248 0 0 0
1614360986 5048 15 340 66063 858 0 348 0 2254 3386 25 1428 0 568 626 0 248 0 0 0
1614362331 5048 15 348 66063 858 0 348 0 2254 3386 25 1428 0 568 626 0 248 0 0 0
1614362352 5048 15 349 66063 858 0 348 0 2254 3386 25 1428 0 568 626 0 248 0 0 0
1614363009 5048 15 357 66063 858 0 348 0 2367 3386 25 1428 0 568 626 0 248 0 0 0
1614460499 5048 15 357 66063 858 0 348 0 2367 3386 25 1428 0 568 626 0 248 0 0 0
1614462318 5048 15 357 66063 858 0 348 0 2367 3386 25 1428 0 568 626 0 248 0 0 235
1615136949 5048 15 357 66063 858 0 348 0 2367 3386 25 1428 0 568 626 0 248 0 0 235
1615397913 5048 15 383 66063 858 0 348 0 2367 3386 25 1428 0 568 626 0 248 0 0 235
1615765238 5048 15 383 66063 866 0 348 0 2367 3386 25 1428 0 568 626 0 248 0 0 235
1615814691 5048 15 383 66063 866 23 348 0 2367 3386 25 1428 0 568 626 0 248 0 0 235
1615815247 5048 15 383 66063 866 38 348 0 2367 3386 25 1428 0 568 626 0 248 0 0 235
1615819842 5048 15 383 66063 866 416 348 0 2367 3386 25 1428 0 568 626 0 248 0 0 235
1615820410 5048 15 383 66063 866 416 348 0 2367 3386 25 1428 0 568 626 0 248 0 0 235
1615838087 5048 15 648 66063 866 416 348 0 2367 3386 25 1428 0 568 626 0 248 0 0 235
1615932653 5048 15 648 66063 866 1169 348 0 2367 3386 25 1428 0 568 626 0 248 0 0 235
1615932656 5048 15 648 66063 866 1169 348 0 2367 3386 25 1428 0 568 626 0 248 0 0 235
1615986982 5048 15 648 66063 866 1504 348 0 2367 3386 25 1428 0 568 626 0 248 0 0 235
1616099480 5048 581 648 66063 866 1504 348 0 2367 3386 25 1428 0 568 626 0 248 0 0 235
1616100481 5048 583 648 66063 866 1504 348 0 2367 3386 25 1428 0 568 626 0 248 0 0 235
1616338635 5048 583 648 66063 866 1710 348 0 2367 3386 25 1428 0 568 626 0 248 0 0 235
1616339657 5048 583 648 66063 866 1775 348 0 2367 3386 25 1428 0 568 626 0 248 0 0 235
1616342545 5048 583 648 66063 866 1803 348 0 2367 3386 25 1428 0 568 626 0 248 0 0 235
1616343523 5048 583 648 66063 866 1821 348 0 2367 3386 25 1428 0 568 626 0 248 0 0 235
1616696562 5048 626 648 66063 866 1821 348 0 2367 3386 25 1428 0 568 626 0 248 0 0 235
1616699824 5048 626 650 66063 866 1821 348 0 2367 3386 25 1428 0 568 626 0 248 0 0 235
1616699838 5048 626 668 66063 866 1821 348 0 2367 3386 25 1428 0 568 626 0 248 0 0 235
1616771975 5048 626 730 66063 866 1821 348 0 2367 3386 25 1428 0 568 626 0 248 0 0 235
1616775830 5048 626 745 66063 866 1821 348 0 2367 3386 25 1428 0 568 626 0 248 0 0 235
1616780556 5048 626 745 66063 866 1822 348 0 2367 3386 25 1428 0 568 626 0 248 0 0 235
1616782992 5048 626 745 66063 866 4317 348 0 2367 3386 25 1428 0 568 626 0 248 0 0 235
1616783930 5048 626 745 66063 866 16851 348 0 2367 3386 25 1428 0 568 626 0 248 0 0 235
1616785533 5048 626 745 66063 866 17068 348 0 2367 3386 25 1428 0 568 626 0 248 0 0 235
1616896223 5048 626 745 66063 866 17068 348 0 2367 3386 25 1428 0 568 626 20 248 0 0 235
1617047691 5048 626 745 66063 881 17068 348 0 2367 3386 25 1428 0 568 626 20 248 0 0 235
1617049641 5048 626 745 66063 881 17068 348 0 2367 3386 83 1428 0 568 626 20 248 0 0 235
1617049661 5048 626 745 66063 881 17068 348 0 2367 3386 83 1428 0 568 626 20 248 0 0 235
1617052986 5048 626 745 66063 881 17068 348 0 2367 3386 83 1428 0 568 626 20 248 0 0 235
1617055005 5048 626 745 66063 881 17068 348 0 2367 3386 83 1428 0 568 626 20 248 0 0 235
1617058132 5048 626 745 66063 881 17086 348 0 2367 3386 83 1428 0 568 626 20 248 0 0 235
1617123058 5048 626 1026 66063 1104 17086 348 0 2367 3386 83 1428 0 568 626 20 248 0 0 235
1617156684 5048 626 1026 66063 1104 17086 348 0 2367 3386 83 1428 0 568 626 20 248 0 0 235
1617296561 5048 626 1026 66063 1166 17086 348 0 2367 3386 83 1428 0 568 626 20 248 0 0 235
1617409675 5048 626 1026 66063 1166 17086 348 0 2367 3386 83 1428 0 568 626 51 248 0 0 235
1617586242 5048 626 1026 66063 1166 17086 348 0 2367 3386 89 1428 0 568 626 51 248 0 0 235
1617636940 5048 626 1026 66063 1166 17086 348 0 2367 3386 89 1428 0 568 626 51 248 0 0 235
1617638807 5048 626 1059 66063 1166 17086 348 0 2367 3386 89 1428 0 568 626 51 248 0 0 235
1617639878 5048 626 1059 66063 1166 17088 348 0 2367 3386 89 1428 0 568 626 51 248 0 0 235
1617641951 5048 626 1059 66063 1166 17276 348 0 2367 3386 89 1428 0 568 626 51 248 0 0 235
1617645771 5048 626 1071 66063 1166 17276 348 0 2367 3386 89 1428 0 568 626 51 248 0 0 235
1617660922 5048 626 1071 66063 1166 17276 348 0 2367 3386 135 1428 0 568 626 51 248 0 0 235
1617723002 5048 626 1071 66063 1671 17276 348 0 2367 3386 135 1428 0 568 626 51 248 0 0 235
1617723380 5048 626 1071 66063 1673 17276 348 0 2367 3386 135 1428 0 568 626 51 248 0 0 235
1617993307 5048 677 1071 66063 1673 17276 348 0 2367 3386 135 1428 0 568 626 51 248 0 0 235
1617995188 5048 709 1071 66063 1673 17276 348 0 2367 3386 135 1428 0 568 626 51 248 0 0 235
1617996146 5048 714 1071 66063 1673 17276 348 0 2367 3386 135 1428 0 568 626 51 248 0 0 235
1617996617 5048 717 1071 66063 1673 17276 348 0 2367 3386 135 1428 0 568 626 51 248 0 0 235
1618004826 5048 756 1071 66063 1673 17276 348 0 2367 3386 135 1428 0 568 626 51 248 0 0 235
1618007142 5048 767 1071 66063 1673 17276 348 0 2367 3386 135 1428 0 568 626 51 248 0 0 235
1618007407 5048 770 1071 66063 1673 17276 348 0 2367 3386 135 1428 0 568 626 51 248 0 0 235
1618007420 5048 770 1071 66063 1673 17276 348 0 2367 3386 135 1428 0 568 626 51 248 0 0 235
1618171520 5048 770 1081 66063 1673 17276 348 0 2367 3386 135 1428 0 568 626 51 248 0 0 235
1618173083 5048 770 1130 66063 1673 17276 348 0 2367 3386 135 1428 0 568 626 51 248 0 0 235
1618237411 5048 770 1130 66063 1736 17276 348 0 2367 3386 135 1428 0 568 626 51 248 0 0 235
1618244616 5048 770 1149 66063 1736 17276 348 0 2367 3386 135 1428 0 568 626 51 248 0 0 235
1618246634 5048 770 1195 66063 1736 17276 348 0 2367 3386 135 1428 0 568 626 51 248 0 0 235
1618248376 5048 770 1195 66063 1736 17547 348 0 2367 3386 135 1428 0 568 626 51 248 0 0 235
1618249115 5048 770 1195 66063 1736 17734 348 0 2367 3386 135 1428 0 568 626 51 248 0 0 235
1618272759 5048 770 1195 66063 1736 17734 348 0 2367 3386 144 1428 0 568 626 51 248 0 0 235
1618272778 5048 770 1195 66063 1736 17734 348 0 2367 3386 144 1428 0 568 626 51 248 0 0 235
1618273076 5048 770 1195 66063 1736 17734 348 0 2367 3386 886 1428 0 568 626 51 248 0 0 235
1618273472 5048 770 1195 66063 1736 17734 348 0 2367 3386 886 1428 0 568 626 51 248 0 0 235
1618333209 5048 770 1195 66063 1820 17734 348 0 2367 3386 886 1428 0 568 626 51 248 0 0 235
1618335178 5048 770 1195 66063 1820 17837 348 0 2367 3386 886 1428 0 568 626 51 248 0 0 235
1618335197 5048 770 1195 66063 1820 17837 348 0 2367 3386 886 1428 0 568 626 51 248 0 0 235
1618348429 5048 770 1195 66063 1820 18496 348 0 2367 3386 886 1428 0 568 626 51 248 0 0 235
1618350528 5048 770 1195 66063 1820 18595 348 0 2367 3386 886 1428 0 568 626 51 248 0 0 235
1618357187 5048 770 1195 66063 1820 18595 348 0 2367 3386 886 1428 0 568 626 51 248 0 0 235
1618358954 5048 770 1233 66063 1820 18595 348 0 2367 3386 886 1428 0 568 626 51 248 0 0 235
1618424147 5048 770 1267 66063 1820 18595 348 0 2367 3386 886 1428 0 568 626 51 248 0 0 235
1618424777 5048 770 1304 66063 1820 18595 348 0 2367 3386 886 1428 0 568 626 51 248 0 0 235
1618425300 5048 770 1322 66063 1820 18595 348 0 2367 3386 886 1428 0 568 626 51 248 0 0 235
1618432725 5048 770 1376 66063 1820 18595 348 0 2367 3386 886 1428 0 568 626 51 248 0 0 235
1618435301 5048 770 1502 66063 1820 18595 348 0 2367 3386 886 1428 0 568 626 51 248 0 0 235
1618512319 5048 770 1502 66063 1820 18771 348 0 2367 3386 886 1428 0 568 626 51 248 0 0 235
1618512832 5048 770 1502 66063 1820 18786 348 0 2367 3386 886 1428 0 568 626 51 248 0 0 235
1618537389 5048 774 1502 66063 1820 18786 348 0 2367 3386 886 1428 0 568 626 51 248 0 0 235
1618543275 5048 788 1502 66063 1820 18786 348 0 2367 3386 886 1428 0 568 626 51 248 0 0 235
1618580724 5048 788 1502 66063 1820 18820 348 0 2367 3386 886 1428 0 568 626 51 248 0 0 235
1618591498 5048 788 1502 66063 1820 18820 348 0 2367 3386 886 1428 0 568 626 51 248 0 0 235
1618762156 5048 788 1502 66063 1820 18820 348 0 2367 3386 886 1428 0 568 626 55 248 0 0 235
1618763328 5048 788 1502 66063 1820 18820 348 0 2367 3386 886 1428 0 568 626 55 248 0 0 235
1618877835 5048 788 1502 66063 1820 18820 348 0 2367 3386 927 1428 0 568 626 55 248 0 0 235
1618970058 5048 1080 1502 66063 1820 18820 348 0 2367 3386 927 1428 0 568 626 55 248 0 0 235
1619207891 5048 1080 1502 66151 1820 18820 348 0 2367 3386 927 1428 0 568 626 55 248 0 0 235
1619366500 5048 1080 1502 66151 1820 18820 348 0 2367 3386 927 1428 0 568 626 58 248 0 0 235
1619373837 5048 1080 1502 66151 1820 18820 348 0 2367 3386 927 1428 0 568 626 21717 248 0 0 235
1619535729 5048 1080 1502 66151 1866 18820 348 0 2367 3386 927 1428 0 568 626 21717 248 0 0 235
1619536011 5048 1080 1502 66151 1886 18820 348 0 2367 3386 927 1428 0 568 626 21717 248 0 0 235
1619536403 5048 1080 1502 66151 1927 18820 348 0 2367 3386 927 1428 0 568 626 21717 248 0 0 235
1619536834 5048 1080 1502 66151 1989 18820 348 0 2367 3386 927 1428 0 568 626 21717 248 0 0 235
1619544686 5048 1080 1502 66151 1989 18820 348 0 2367 3386 930 1428 0 568 626 21717 248 0 0 235
1619544875 5048 1080 1502 66151 1989 18820 348 0 2367 3386 938 1428 0 568 626 21717 248 0 0 235
1619546247 5048 1080 1502 66151 1989 18820 348 0 2367 3386 953 1428 0 568 626 21717 248 0 0 235
1619547362 5048 1080 1502 66151 1989 18820 348 0 2367 3386 958 1428 0 568 626 21717 248 0 0 235
1619618871 5048 1080 1502 66151 1989 18821 348 0 2367 3386 958 1428 0 568 626 21717 248 0 0 235
1619619392 5048 1080 1502 66151 1989 18863 348 0 2367 3386 958 1428 0 568 626 21717 248 0 0 235
1619619684 5048 1080 1502 66151 1989 18863 348 0 2367 3386 958 1428 0 568 626 21717 248 0 0 235
1619619840 5048 1080 1502 66151 1989 18921 348 0 2367 3386 958 1428 0 568 626 21717 248 0 0 235
1619707674 5048 1080 1517 66151 1989 18921 348 0 2367 3386 958 1428 0 568 626 21717 248 0 0 235
1619708713 5048 1080 1618 66151 1989 18921 348 0 2367 3386 958 1428 0 568 626 21717 248 0 0 235
1619807628 5048 1080 1618 66151 2045 18921 348 0 2367 3386 958 1428 0 568 626 21717 248 0 0 235
1619808170 5048 1080 1618 66151 2173 18921 348 0 2367 3386 958 1428 0 568 626 21717 248 0 0 235
1619917728 5048 1080 1618 66151 2173 18921 348 0 2367 3386 958 1428 0 568 626 21719 248 0 0 235
1619920456 5048 1080 1618 66151 2173 18921 348 0 2367 3386 958 1428 0 568 626 21725 248 0 0 235
1620385828 5048 1080 1618 66151 2173 18921 348 0 2367 3386 958 1432 0 568 626 21725 248 0 0 235
1623480152 5048 1080 1618 66151 2173 18921 348 0 2367 3386 958 1435 0 568 626 21725 248 0 0 235
1626217128 5048 1080 1618 66151 2173 18921 348 0 2367 3386 958 1435 0 568 626 21725 248 0 0 235
1626217136 5048 1080 1618 66151 2173 18921 348 0 2367 3386 958 1435 0 568 626 21725 248 0 0 235
1628019402 5048 1080 1618 66151 2173 18921 348 0 2367 3386 958 1435 0 568 626 21725 248 0 0 235
1628019573 5048 1080 1618 66151 2173 18921 348 0 2367 3386 958 1435 0 568 626 21725 248 0 0 235
1631742921 5048 1080 1618 66151 2173 18921 348 6 2367 3386 958 1435 0 568 626 21725 248 0 0 235
1631744824 5048 1080 1618 66151 2173 18921 348 350 2367 3386 958 1435 0 568 626 21725 248 0 0 235
1631744837 5048 1080 1618 66151 2173 18921 348 426 2367 3386 958 1435 0 568 626 21725 248 0 0 235
1631911223 5048 1080 1618 66151 2173 18921 348 436 2367 3386 958 1435 0 568 626 21725 248 0 0 235
1632255120 5048 1080 1619 66151 2173 18921 348 436 2367 3386 958 1435 0 568 626 21725 248 0 0 235
1632255459 5048 1080 1620 66151 2173 18921 348 438 2367 3386 958 1435 0 568 626 21725 248 0 0 235
1632418424 5048 1080 1620 66151 2173 18921 348 438 2367 3386 958 1435 1 568 626 21725 248 0 0 235
1632514937 5048 1080 1620 66151 2173 18921 348 552 2367 3386 958 1435 1 568 626 21725 248 0 0 235
1632801731 5048 1080 1620 66151 2173 18921 348 552 2367 3386 958 1435 1 568 626 21725 248 0 0 235
1632846283 5048 1080 1620 66151 2173 18921 348 609 2367 3386 958 1435 1 568 626 21725 248 0 0 235
1632848748 5048 1080 1620 66151 2173 18921 348 706 2367 3386 958 1435 1 568 626 21725 248 0 0 235
1633121998 5048 2406 1620 66151 2173 18921 348 706 2367 3386 958 1435 1 568 626 21725 248 0 0 235
1633122186 5048 2414 1620 66151 2173 18921 348 706 2367 3386 958 1435 1 568 626 21725 248 0 0 235
1633353665 5048 2414 1620 66151 2173 18921 348 987 2367 3386 958 1435 1 568 626 21725 248 0 0 235
1633359904 5048 2414 1620 66151 2173 18921 348 987 2367 3386 958 1435 79 568 626 21725 248 0 0 235
1633371089 5048 2414 1620 66151 2173 18921 348 987 2367 3386 958 1435 79 568 626 21725 248 56 0 235
1633465789 5048 2414 1620 66151 2173 18921 348 987 2367 3386 958 1435 82 568 626 21725 248 56 0 235
1633467329 5048 2414 1620 66151 2173 18921 348 987 2367 3386 958 1435 83 568 626 21725 248 56 0 235
1633477486 5048 2414 1620 66151 2173 18921 348 987 2367 3386 958 1435 83 568 626 21725 248 129 0 235
1633624563 5048 2498 1620 66151 2173 18921 348 987 2367 3386 958 1435 83 568 626 21725 248 129 0 235
1633632910 5048 2602 1620 66151 2173 18921 348 987 2367 3386 958 1435 83 568 626 21725 248 129 0 235
1633726204 5048 2757 1620 66151 2173 18921 348 987 2367 3386 958 1435 83 568 626 21725 248 129 0 235
1633727130 5048 2757 1620 66151 2173 18921 348 987 2367 3386 958 1435 83 568 626 21725 248 129 0 235
1633893072 5048 2757 1620 66151 2173 18921 348 1217 2367 3386 958 1435 83 568 626 21725 248 129 0 235
1633893090 5048 2757 1620 66151 2173 18921 348 1217 2367 3386 958 1435 83 568 626 21725 248 129 0 235
1633990069 5048 2757 1620 66151 2173 18921 348 1217 2367 3386 958 1435 83 568 626 21725 248 139 0 235
1634070756 5048 2757 1991 66151 2173 18921 348 1217 2367 3386 958 1435 83 568 626 21725 248 139 0 235
1634071506 5048 2934 1991 66151 2173 18921 348 1217 2367 3386 958 1435 83 568 626 21725 248 139 0 235
1634077283 5048 2934 1991 66151 2173 18921 348 1217 2367 3386 958 1435 83 568 626 21725 248 163 0 235
1634308536 5048 2938 1991 66151 2173 18921 348 1217 2367 3386 958 1435 83 568 626 21725 248 163 0 235
1634311018 5048 2938 1991 66151 2173 18921 348 1217 2367 3386 958 1435 90 568 626 21725 248 163 0 235
1634314357 5048 2938 1991 66151 2173 18921 348 1217 2367 3386 958 1435 91 568 626 21725 248 163 0 235
1634329289 5048 2938 1991 66151 2173 18921 348 1217 2367 3386 958 1435 91 568 626 21725 248 163 0 235
1634329344 5048 2938 1991 66151 2173 18921 348 1217 2367 3386 958 1435 91 568 626 21725 248 163 0 235
1634329712 5048 2938 1991 66151 2173 18921 348 1217 2367 3386 958 1435 99 568 626 21725 248 163 0 235
1634329852 5048 2938 1991 66151 2173 18921 348 1217 2367 3386 958 1435 99 568 626 21725 248 163 0 235
1634330159 5048 2938 1991 66151 2173 18921 348 1219 2367 3386 958 1435 99 568 626 21725 248 163 0 235
1634359675 5048 3019 1991 66151 2173 18921 348 1219 2367 3386 958 1435 99 568 626 21725 248 163 0 235
1634674856 5048 3019 2256 66151 2173 18921 348 1219 2367 3386 958 1435 99 568 626 21725 248 163 0 235
1634675291 5048 3041 2256 66151 2173 18921 348 1219 2367 3386 958 1435 106 568 626 21725 248 163 0 235
1634676867 5052 3041 2256 66151 2173 18921 348 1219 2367 3386 958 1435 106 568 626 21725 248 163 0 235
1634880111 5052 3114 2256 66151 2173 18921 348 1219 2367 3386 958 1435 106 568 626 21725 248 163 0 235
1634915050 5052 3121 2256 66151 2173 18921 348 1219 2367 3386 958 1435 106 568 626 21725 248 163 0 235
1634916981 5052 3135 2256 66151 2173 18921 348 1219 2367 3386 958 1435 106 568 626 21725 248 163 0 235
1634926732 5052 3135 2256 66151 2173 18921 348 1219 2367 3386 958 1435 230 568 626 21725 248 163 0 235
1634927079 5052 3135 2256 66151 2173 18921 348 1219 2367 3386 958 1435 233 568 626 21725 248 163 0 235
1634927726 5052 3135 2256 66151 2173 18921 348 1219 2367 3386 958 1435 233 568 626 21725 248 163 0 235
1634927959 5052 3135 2256 66151 2173 18921 348 1219 2367 3386 958 1435 233 568 626 21725 248 163 0 235
1634927966 5052 3135 2256 66151 2173 18921 348 1282 2367 3386 958 1435 233 568 626 21725 248 163 0 235
1635283014 5052 3210 2256 66151 2173 18921 348 1282 2367 3386 958 1435 233 568 626 21725 248 163 0 235
1635283342 5052 3221 2256 66151 2173 18921 348 1282 2367 3386 958 1435 233 568 626 21725 248 163 0 235
1635283616 5052 3228 2256 66151 2173 18921 348 1282 2367 3386 958 1435 233 568 626 21725 248 163 0 235
1635286130 5052 3228 2256 66151 2173 18921 348 1282 2367 3386 958 1435 233 568 626 21725 248 163 0 235
1635287051 5052 3280 2256 66151 2173 18921 348 1282 2367 3386 958 1435 233 568 626 21725 248 163 0 235
1635539159 5052 3280 2256 66151 2173 18921 348 1286 2367 3386 958 1435 233 568 626 21725 248 163 0 235
1635539824 5052 3280 2256 66151 2173 18921 348 1286 2367 3386 958 1435 233 568 626 21725 248 163 0 235
1635540677 5052 3287 2256 66151 2173 18921 348 1286 2367 3386 958 1435 233 568 626 21725 248 163 0 235
1635782509 5052 3287 2256 66151 2173 18921 348 1286 2367 3386 958 1435 233 568 626 21725 248 163 1 235
1635786387 5052 3287 2256 66151 2173 18921 348 1377 2367 3386 958 1435 233 568 626 21725 248 163 1 235
1635789954 5052 3287 2256 66151 2173 18921 348 1428 2367 3386 958 1435 233 568 626 21725 248 163 1 235
1635816919 5053 3287 2256 66151 2173 18921 348 1428 2367 3386 958 1435 233 568 626 21725 248 163 1 235
1635884802 5053 3287 2256 66151 2173 18921 348 1428 2367 3386 958 1435 233 568 626 21725 248 163 1 235
1635969278 5053 3303 2256 66151 2173 18921 348 1428 2367 3386 958 1435 233 568 626 21725 248 163 1 235
1635976386 5053 3303 2256 66151 2173 18921 348 1525 2367 3386 958 1435 233 568 626 21725 248 163 1 235
1635981464 5053 3303 2256 66151 2173 18921 348 1722 2367 3386 958 1435 233 568 626 21725 248 163 1 235
1635985253 5268 3303 2256 66151 2173 18921 348 1722 2367 3386 958 1435 233 568 626 21725 248 163 1 235
1636143371 5268 3303 2256 66151 2173 18921 348 1722 2367 3386 958 1435 233 568 626 21725 248 163 1 235
1636143590 5268 3303 2256 66151 2173 18921 348 1723 2367 3386 958 1435 233 568 626 21725 248 163 1 235
1636144245 5268 3303 2256 66151 2173 18921 348 1723 2367 3386 958 1435 233 568 626 21725 248 163 1 235
1636144381 5268 3303 2256 66151 2173 18921 348 1723 2367 3386 958 1435 233 568 626 21725 248 163 1 235
1636144977 5268 3303 2256 66154 2173 18921 348 1723 2367 3386 958 1435 233 568 626 21725 248 163 1 235
1636145213 5268 3303 2256 66154 2173 18921 348 1723 2367 3386 958 1435 233 568 626 21725 248 163 1 235
1636146026 5268 3339 2256 66154 2173 18921 348 1723 2367 3386 958 1435 233 568 626 21725 248 163 1 235
1636146267 5268 3339 2256 66154 2173 18921 348 1764 2367 3386 958 1435 233 568 626 21725 248 163 1 235
1636146270 5268 3339 2256 66154 2173 18921 348 1764 2367 3386 958 1435 233 568 626 21725 248 163 1 235
1636146896 5268 3380 2256 66154 2173 18921 348 1764 2367 3386 958 1435 233 568 626 21725 248 163 1 235
1636335566 5268 3413 2256 66154 2173 18921 348 1764 2367 3386 958 1435 233 568 626 21725 248 163 1 235
1636482939 5268 3413 2256 66154 2173 18921 348 1764 2367 3386 958 1435 233 568 626 21725 248 163 1 235
1636493585 5363 3413 2256 66154 2173 18921 348 1764 2367 3386 958 1435 233 568 626 21725 248 163 1 235
1636494484 5363 3443 2256 66154 2173 18921 348 1764 2367 3386 958 1435 233 568 626 21725 248 163 1 235
1636495406 5363 3456 2256 66154 2173 18921 348 1764 2367 3386 958 1435 233 568 626 21725 248 163 1 235
1636754369 5363 3465 2256 66154 2173 18921 348 1764 2367 3386 958 1435 233 568 626 21725 248 163 1 235
1636754415 5363 3465 2256 66154 2173 18921 348 1879 2367 3386 958 1435 233 568 626 21725 248 163 1 235
1636754689 5363 3465 2256 66154 2173 18921 348 1883 2367 3386 958 1435 233 568 626 21725 248 163 1 235
1636754989 5363 3465 2256 66154 2173 18921 348 1889 2367 3386 958 1435 233 568 626 21725 248 163 1 235
1636755203 5363 3468 2256 66154 2173 18921 348 1889 2367 3386 958 1435 233 568 626 21725 248 163 1 235
1637076902 5363 3468 2256 66154 2173 18921 348 1889 2367 3386 958 1435 233 568 626 21725 248 163 1 235
1637078912 5363 3496 2256 66154 2173 18921 348 1889 2367 3386 958 1435 233 568 626 21725 248 163 1 235
1637097039 5363 3527 2256 66154 2173 18921 348 1889 2367 3386 958 1435 233 568 626 21725 248 163 1 235
1637098372 5363 3542 2256 66154 2173 18921 348 1889 2367 3386 958 1435 233 568 626 21725 248 163 1 235
1637099293 5363 3542 2256 66154 2173 18921 348 1918 2367 3386 958 1435 233 568 626 21725 248 163 1 235
1637099493 5363 3542 2256 66154 2173 18921 348 1938 2367 3386 958 1435 233 568 626 21725 248 163 1 235
1637358620 5363 3556 2256 66154 2173 18921 348 1938 2367 3386 958 1435 233 568 626 21725 248 163 1 235
1637540177 5363 3589 2256 66154 2173 18921 348 1938 2367 3386 958 1435 233 568 626 21725 248 163 1 235
1637637997 5363 3589 2256 66154 2173 18921 348 1938 2367 3386 958 1435 233 568 626 21725 248 163 5 235
1637872896 5413 3589 2256 66154 2173 18921 348 1938 2367 3386 958 1435 233 568 626 21725 248 163 5 235
1638212872 5413 3589 2256 66154 2173 18921 348 1938 2367 3386 958 1435 281 568 626 21725 248 163 5 235
1638367790 5605 3589 2256 66154 2173 18921 348 1938 2367 3386 958 1435 281 568 626 21725 248 163 5 235
1638367812 5605 3589 2256 66154 2173 18921 348 1938 2367 3386 958 1435 409 568 626 21725 248 163 5 235
1638412268 5605 3589 2256 66154 2173 18921 348 1938 2367 3386 958 1435 409 568 626 21725 248 163 5 235
1638740929 5605 3620 2256 66154 2173 18921 348 1938 2367 3386 958 1435 409 568 626 21725 248 163 5 235
1644356962 5605 3621 2256 66154 2173 18921 348 1938 2367 3386 958 1435 409 568 626 21725 248 163 5 235
1644358044 5605 3688 2256 66154 2173 18921 348 1938 2367 3386 958 1435 409 568 626 21725 248 163 5 235
1644614351 5605 3688 2256 66154 2173 18921 348 1938 2367 3386 958 1439 409 568 626 21725 248 163 5 235
1644614414 5605 3688 2256 66154 2173 18921 348 1938 2367 3386 958 1451 409 568 626 21725 248 163 5 235
1644614480 5605 3688 2256 66154 2173 18921 348 1938 2367 3386 958 1454 409 568 626 21725 248 163 5 235
1644614896 5609 3688 2256 66154 2173 18921 348 1938 2367 3386 958 1454 409 568 626 21725 248 163 5 235
1644616209 5609 3715 2256 66154 2173 18921 348 1938 2367 3386 958 1454 409 568 626 21725 248 163 5 235
1644616306 5609 3717 2256 66154 2173 18921 348 1938 2367 3386 958 1454 409 568 626 21725 248 163 5 235
1644617984 5609 3743 2256 66154 2173 18921 348 1938 2367 3386 958 1454 409 568 626 21725 248 163 5 235
1644618012 5609 3743 2256 66154 2173 18921 348 1938 2367 3386 958 1454 409 568 626 21725 248 163 5 235
1644619763 5609 3765 2256 66154 2173 18921 348 1938 2367 3386 958 1454 409 568 626 21725 248 163 5 235
1644962668 5609 3876 2256 66154 2173 18921 348 1938 2367 3386 958 1454 409 568 626 21725 248 163 5 235
1645132568 5609 3876 2256 66154 2173 18921 348 1938 2367 3386 958 1457 409 568 626 21725 248 163 5 235
1645221276 5860 3876 2256 66154 2173 18921 348 1938 2367 3386 958 1457 409 568 626 21725 248 163 5 235
1645222873 5860 3937 2256 66154 2173 18921 348 1938 2367 3386 958 1457 409 568 626 21725 248 163 5 235
1645382239 5860 3953 2256 66154 2173 18921 348 1938 2367 3386 958 1457 409 568 626 21725 248 163 5 235
1645385104 5860 3981 2256 66154 2173 18921 348 1938 2367 3386 958 1457 409 568 626 21725 248 163 5 235
1645392136 5860 4049 2256 66154 2173 18921 348 1938 2367 3386 958 1457 409 568 626 21725 248 163 5 235
1645903057 5860 4123 2256 66154 2173 18921 348 1938 2367 3386 958 1457 409 568 626 21725 248 163 5 235
1646168444 5860 4378 2256 66154 2173 18921 348 1938 2367 3386 958 1457 409 568 626 21725 248 163 5 235
1646168847 5860 4378 2256 66154 2173 18921 348 1938 2367 3386 958 1457 409 568 626 21725 248 163 5 235
1646170344 5860 4378 2256 66154 2173 18921 348 1938 2367 3386 958 1460 409 568 626 21725 248 163 5 235
1646170366 5860 4378 2256 66154 2173 18921 348 1938 2367 3386 958 1463 409 568 626 21725 248 163 5 235
1646171628 5861 4378 2256 66154 2173 18921 348 1938 2367 3386 958 1463 409 568 626 21725 248 163 5 235
1646171851 5862 4378 2256 66154 2173 18921 348 1938 2367 3386 958 1463 409 568 626 21725 248 163 5 235
1646258307 5862 4378 2256 66154 2173 18921 348 1938 2367 3386 958 1463 409 568 626 21725 248 163 5 235
1646258497 7703 4378 2256 66154 2173 18921 348 1938 2367 3386 958 1463 409 568 626 21725 248 163 5 235
1646258557 7703 4378 2256 66154 2173 18921 348 1938 2367 3386 958 1467 409 568 626 21725 248 163 5 235
1646258663 7703 4378 2256 66154 2173 18921 348 1938 2367 3386 958 1471 409 568 626 21725 248 163 5 235
1646258672 7703 4378 2256 66154 2173 18921 348 1938 2367 3386 958 1474 409 568 626 21725 248 163 5 235
1646258719 7703 4378 2256 66154 2173 18921 348 1938 2367 3386 958 1474 409 568 626 21725 248 163 5 235
1646258730 7703 4378 2256 66154 2173 18921 348 1938 2367 3386 958 1474 409 568 626 21725 248 163 5 235
1646258848 7703 4378 2256 66154 2173 18921 348 1938 2367 3386 958 1474 409 568 626 21725 248 163 5 235
1646258855 7703 4378 2256 66154 2173 18921 348 1938 2367 3386 958 1474 409 568 626 21725 248 163 5 235
1646260930 7706 4378 2256 66154 2173 18921 348 1938 2367 3386 958 1474 409 568 626 21725 248 163 5 235
1646261291 7706 4378 2256 66154 2173 18921 348 1938 2367 3386 958 1474 409 568 626 21725 248 163 5 235
1646264611 7707 4378 2256 66154 2173 18921 348 1938 2367 3386 958 1474 409 568 626 21725 248 163 5 235
1646264654 7707 4378 2256 66154 2173 18921 348 1938 2367 3386 958 1474 409 568 626 21725 248 163 5 235
1646324195 7708 4378 2256 66154 2173 18921 348 1938 2367 3386 958 1474 409 568 626 21725 248 163 5 235
1646324295 7708 4378 2256 66154 2173 18921 348 1938 2367 3386 958 1474 409 568 626 21725 248 163 5 235
1646358918 7709 4378 2256 66154 2173 18921 348 1938 2367 3386 958 1474 409 568 626 21725 248 163 5 235
